[488, 492, 496, 499, 503, 507]
[683, 686, 688, 691, 694, 697]
[494, 500, 506, 513, 519, 525]
[53, 62, 70, 79, 88, 97]
[182, 186, 190, 194, 198, 202]
[704, 705, 706, 707, 708, 709]
[163, 167, 172, 176, 180, 184]
[272, 280, 288, 296, 304, 312]
[9, 12, 15, 18, 21, 24]
[629, 634, 640, 646, 652, 658]
[603, 604, 605, 606, 607, 608]
[492, 501, 511, 520, 529, 538]
[897, 899, 901, 903, 905, 907]
[723, 729, 735, 741, 747, 753]
[710, 720, 730, 740, 750, 760]
[71, 78, 85, 92, 99, 106]
[515, 522, 529, 537, 544, 551]
[239, 247, 255, 263, 271, 279]
[544, 546, 548, 550, 552, 554]
[234, 239, 244, 249, 254, 259]
[702, 703, 705, 705, 706, 707]
[806, 808, 810, 812, 814, 816]
[637, 646, 655, 664, 673, 682]
[688, 697, 706, 715, 724, 733]
[160, 161, 163, 165, 167, 169]
[523, 527, 531, 535, 539, 543]
[823, 824, 825, 826, 827, 828]
[592, 596, 600, 604, 608, 612]
[300, 309, 318, 327, 336, 345]
[867, 870, 872, 875, 878, 881]
[442, 447, 452, 457, 462, 467]
[733, 739, 745, 751, 757, 763]
[543, 551, 560, 569, 578, 587]
[867, 869, 870, 873, 875, 877]
[526, 531, 536, 541, 546, 551]
[885, 891, 896, 902, 908, 914]
[753, 759, 765, 771, 777, 783]
[540, 543, 546, 549, 552, 555]
[837, 842, 846, 851, 856, 861]
[160, 165, 170, 175, 180, 185]
[622, 623, 624, 625, 626, 627]
[20, 23, 26, 28, 31, 34]
[187, 195, 202, 210, 218, 226]
[563, 568, 573, 578, 583, 588]
[570, 577, 584, 591, 598, 605]
[39, 40, 41, 42, 43, 44]
[753, 754, 755, 757, 758, 759]
[522, 531, 540, 549, 558, 567]
[484, 491, 498, 505, 512, 519]
[464, 466, 468, 470, 472, 474]
[75, 78, 81, 84, 87, 90]
[337, 341, 345, 349, 353, 357]
[807, 813, 819, 825, 831, 837]
[78, 81, 84, 87, 90, 93]
[510, 515, 519, 524, 529, 534]
[726, 732, 738, 744, 750, 756]
[46, 49, 51, 54, 57, 60]
[337, 338, 339, 340, 341, 342]
[501, 503, 506, 508, 510, 512]
[103, 106, 109, 112, 115, 118]
[848, 852, 856, 860, 864, 868]
[9, 15, 21, 27, 33, 39]
[609, 615, 621, 627, 633, 639]
[487, 491, 495, 499, 503, 507]
[76, 86, 95, 105, 115, 125]
[503, 510, 516, 523, 530, 537]
[490, 495, 500, 505, 510, 515]
[432, 439, 446, 453, 460, 467]
[213, 219, 225, 230, 236, 242]
[670, 679, 688, 697, 706, 715]
[518, 522, 526, 530, 534, 538]
[314, 323, 332, 341, 350, 359]
[139, 141, 143, 145, 147, 149]
[514, 524, 534, 545, 555, 565]
[556, 559, 560, 562, 564, 566]
[779, 781, 783, 785, 787, 789]
[485, 488, 491, 493, 495, 497]
[283, 293, 303, 313, 323, 333]
[607, 613, 619, 625, 631, 637]
[369, 374, 379, 384, 389, 394]
[443, 452, 460, 468, 476, 484]
[886, 888, 890, 892, 894, 896]
[440, 446, 451, 457, 463, 469]
[200, 205, 210, 215, 220, 225]
[547, 556, 564, 572, 580, 588]
[763, 766, 767, 770, 772, 774]
[74, 77, 81, 85, 89, 93]
[433, 442, 451, 460, 469, 478]
[532, 538, 544, 550, 556, 562]
[196, 200, 204, 208, 212, 216]
[529, 531, 533, 535, 537, 539]
[554, 557, 560, 563, 566, 569]
[666, 674, 682, 690, 698, 706]
[558, 564, 569, 575, 581, 587]
[889, 894, 899, 904, 909, 914]
[659, 668, 678, 688, 698, 708]
[142, 144, 146, 149, 151, 153]
[771, 777, 783, 789, 795, 801]
[507, 517, 527, 537, 547, 557]
[308, 312, 317, 322, 327, 332]
[821, 830, 839, 848, 857, 866]
[811, 821, 831, 839, 849, 859]
[101, 108, 115, 123, 130, 137]
[563, 573, 583, 593, 603, 613]
[866, 874, 882, 890, 898, 906]
[179, 189, 199, 209, 219, 229]
[73, 83, 92, 102, 112, 122]
[651, 656, 662, 667, 672, 677]
[379, 384, 389, 395, 401, 407]
[602, 611, 620, 629, 638, 647]
[453, 462, 471, 480, 489, 498]
[622, 629, 636, 643, 650, 657]
[134, 137, 141, 145, 148, 151]
[34, 35, 36, 37, 38, 39]
[514, 524, 534, 544, 554, 564]
[856, 866, 876, 885, 895, 905]
[537, 539, 541, 543, 545, 547]
[633, 639, 644, 649, 654, 659]
[459, 462, 465, 468, 471, 474]
[607, 616, 626, 636, 646, 656]
[376, 380, 384, 388, 392, 396]
[719, 725, 731, 737, 743, 749]
[124, 126, 129, 132, 135, 138]
[523, 532, 541, 550, 559, 568]
[428, 430, 433, 435, 438, 441]
[604, 606, 608, 611, 613, 615]
[527, 536, 545, 554, 563, 572]
[525, 529, 534, 539, 544, 549]
[265, 274, 282, 292, 301, 310]
[714, 717, 720, 723, 726, 729]
[888, 891, 894, 897, 900, 903]
[744, 753, 762, 771, 780, 789]
[698, 703, 708, 713, 718, 723]
[861, 871, 882, 892, 902, 912]
[886, 895, 904, 913, 922, 931]
[136, 138, 140, 142, 144, 146]
[77, 80, 83, 86, 89, 92]
[193, 203, 213, 223, 233, 243]
[708, 716, 725, 734, 743, 752]
[187, 190, 193, 196, 199, 202]
[474, 483, 493, 502, 511, 520]
[431, 441, 451, 461, 471, 481]
[877, 878, 879, 880, 881, 882]
[707, 712, 717, 722, 727, 732]
[452, 462, 472, 482, 492, 502]
[159, 162, 165, 168, 171, 174]
[531, 536, 541, 546, 551, 556]
[683, 694, 704, 713, 723, 733]
[29, 31, 33, 34, 36, 38]
[195, 199, 204, 208, 213, 218]
[390, 396, 401, 406, 411, 416]
[796, 800, 804, 808, 812, 816]
[245, 250, 255, 260, 265, 270]
[369, 376, 383, 390, 397, 404]
[732, 739, 747, 754, 761, 768]
[306, 312, 318, 324, 330, 336]
[706, 707, 708, 710, 711, 712]
[190, 190, 191, 193, 194, 195]
[666, 670, 674, 678, 682, 686]
[110, 119, 128, 137, 146, 155]
[9, 17, 24, 31, 39, 47]
[511, 516, 522, 527, 532, 537]
[545, 555, 565, 574, 584, 594]
[124, 130, 135, 140, 145, 150]
[287, 289, 292, 295, 298, 301]
[259, 269, 279, 289, 299, 309]
[172, 181, 190, 199, 208, 217]
[76, 80, 84, 88, 92, 96]
[377, 381, 386, 391, 395, 399]
[23, 29, 35, 41, 47, 53]
[233, 241, 248, 255, 262, 269]
[299, 308, 317, 327, 336, 345]
[194, 201, 208, 215, 222, 229]
[157, 166, 175, 183, 192, 201]
[345, 350, 355, 360, 365, 370]
[245, 253, 261, 269, 277, 285]
[783, 793, 802, 811, 820, 829]
[745, 754, 763, 772, 781, 790]
[881, 889, 898, 906, 914, 922]
[377, 382, 387, 392, 397, 402]
[798, 799, 800, 801, 802, 803]
[239, 241, 243, 245, 247, 249]
[389, 398, 407, 416, 425, 434]
[59, 65, 71, 77, 83, 89]
[38, 41, 44, 47, 50, 53]
[176, 177, 178, 179, 180, 181]
[344, 348, 352, 356, 360, 364]
[312, 315, 318, 321, 324, 327]
[297, 308, 318, 329, 339, 349]
[277, 285, 293, 301, 309, 317]
[290, 294, 298, 303, 307, 311]
[776, 787, 797, 807, 817, 827]
[501, 511, 522, 532, 542, 552]
[777, 778, 780, 782, 784, 786]
[167, 176, 185, 194, 203, 212]
[302, 309, 316, 323, 330, 337]
[471, 477, 483, 490, 496, 502]
[206, 209, 213, 216, 219, 222]
[446, 449, 452, 455, 458, 461]
[169, 173, 177, 182, 186, 190]
[211, 218, 225, 231, 238, 245]
[315, 317, 319, 321, 323, 325]
[283, 285, 288, 291, 294, 297]
[367, 375, 383, 391, 399, 407]
[723, 727, 732, 737, 742, 747]
[100, 101, 101, 102, 103, 104]
[527, 529, 532, 534, 536, 538]
[83, 91, 99, 107, 115, 123]
[819, 827, 835, 842, 850, 858]
[654, 662, 670, 678, 686, 694]
[391, 397, 403, 409, 415, 421]
[886, 894, 902, 910, 918, 926]
[354, 356, 357, 358, 359, 360]
[550, 559, 568, 577, 586, 595]
[102, 105, 108, 111, 114, 117]
[26, 30, 34, 38, 42, 46]
[432, 440, 448, 456, 464, 472]
[406, 412, 419, 425, 431, 437]
[722, 726, 730, 734, 738, 742]
[884, 894, 904, 914, 924, 934]
[702, 706, 711, 716, 721, 726]
[428, 431, 433, 435, 437, 439]
[271, 281, 291, 301, 311, 321]
[865, 870, 874, 878, 882, 886]
[590, 593, 596, 599, 602, 605]
[437, 446, 455, 464, 473, 482]
[365, 374, 383, 392, 401, 410]
[312, 321, 330, 339, 348, 357]
[508, 517, 526, 535, 544, 553]
[165, 172, 179, 186, 193, 200]
[171, 173, 175, 177, 179, 181]
[659, 669, 679, 689, 699, 709]
[587, 589, 591, 593, 595, 597]
[140, 150, 160, 170, 180, 190]
[814, 820, 826, 832, 838, 844]
[549, 558, 565, 573, 581, 589]
[27, 34, 41, 48, 55, 62]
[534, 543, 551, 559, 567, 575]
[817, 827, 837, 847, 857, 867]
[763, 766, 769, 771, 774, 777]
[739, 744, 749, 754, 759, 764]
[175, 179, 183, 187, 191, 195]
[48, 49, 50, 51, 52, 53]
[98, 103, 109, 114, 119, 124]
[326, 332, 338, 344, 350, 356]
[587, 591, 595, 599, 603, 607]
[55, 65, 75, 85, 95, 105]
[833, 844, 853, 862, 872, 882]
[319, 322, 325, 328, 331, 334]
[858, 863, 868, 873, 878, 883]
[712, 713, 714, 715, 716, 717]
[437, 445, 453, 461, 469, 477]
[189, 191, 193, 195, 197, 199]
[881, 887, 893, 899, 905, 911]
[253, 261, 268, 276, 284, 292]
[323, 325, 327, 329, 331, 333]
[216, 219, 221, 223, 225, 227]
[891, 901, 911, 921, 931, 941]
[328, 330, 332, 333, 335, 337]
[325, 328, 329, 330, 332, 334]
[271, 275, 279, 283, 287, 291]
[62, 70, 77, 85, 93, 101]
[350, 356, 361, 366, 371, 376]
[422, 423, 424, 425, 426, 427]
[299, 305, 311, 317, 323, 329]
[785, 790, 795, 800, 805, 810]
[538, 546, 553, 561, 569, 577]
[103, 104, 105, 106, 107, 108]
[702, 708, 714, 720, 726, 732]
[302, 304, 306, 308, 310, 312]
[414, 416, 418, 420, 422, 424]
[60, 61, 62, 63, 64, 65]
[70, 76, 82, 87, 93, 99]
[24, 25, 26, 27, 28, 29]
[821, 826, 831, 836, 841, 846]
[458, 463, 468, 472, 477, 482]
[569, 578, 587, 596, 605, 614]
[629, 630, 632, 633, 635, 637]
[400, 409, 418, 427, 436, 445]
[538, 545, 552, 559, 566, 573]
[880, 884, 888, 892, 896, 900]
[681, 685, 689, 693, 697, 701]
[845, 850, 855, 860, 865, 870]
[689, 691, 693, 695, 697, 699]
[527, 528, 529, 530, 531, 532]
[127, 131, 135, 139, 143, 147]
[225, 232, 239, 246, 253, 260]
[51, 58, 65, 72, 79, 86]
[61, 69, 77, 85, 93, 101]
[349, 350, 351, 352, 353, 354]
[640, 639, 639, 640, 641, 642]
[724, 730, 736, 742, 748, 754]
[822, 825, 829, 834, 838, 842]
[164, 174, 183, 192, 201, 210]
[166, 168, 169, 170, 171, 172]
[764, 771, 778, 785, 792, 799]
[184, 185, 186, 187, 188, 189]
[769, 770, 771, 772, 773, 774]
[153, 157, 161, 165, 169, 173]
[74, 79, 83, 87, 91, 95]
[551, 555, 559, 563, 567, 571]
[542, 550, 558, 566, 574, 582]
[260, 265, 270, 274, 279, 284]
[31, 33, 35, 37, 39, 41]
[403, 406, 410, 414, 418, 422]
[279, 284, 290, 295, 300, 305]
[661, 671, 681, 691, 701, 711]
[113, 123, 133, 143, 153, 163]
[211, 212, 213, 214, 215, 216]
[83, 93, 102, 111, 120, 129]
[126, 132, 138, 144, 150, 156]
[665, 675, 686, 696, 706, 716]
[706, 709, 711, 714, 717, 720]
[707, 709, 711, 713, 715, 717]
[91, 100, 109, 118, 127, 136]
[22, 24, 26, 28, 30, 32]
[199, 204, 209, 214, 219, 224]
[316, 321, 326, 331, 336, 341]
[215, 219, 223, 227, 231, 235]
[328, 329, 330, 331, 332, 333]
[607, 610, 613, 616, 619, 622]
[15, 17, 19, 21, 23, 25]
[14, 19, 24, 29, 34, 39]
[177, 182, 187, 192, 197, 202]
[214, 220, 226, 232, 238, 244]
[641, 646, 651, 656, 661, 666]
[783, 790, 797, 804, 811, 818]
[416, 420, 425, 429, 433, 437]
[84, 89, 94, 99, 104, 109]
[124, 133, 142, 151, 160, 169]
[251, 261, 271, 281, 291, 301]
[129, 139, 149, 159, 169, 179]
[426, 427, 428, 429, 430, 431]
[512, 522, 532, 542, 552, 562]
[324, 329, 334, 339, 344, 349]
[141, 144, 148, 152, 156, 160]
[573, 576, 579, 582, 585, 588]
[53, 59, 65, 71, 77, 83]
[598, 604, 610, 616, 622, 628]
[457, 460, 463, 466, 469, 472]
[163, 172, 181, 190, 199, 208]
[794, 803, 812, 821, 830, 839]
[888, 895, 902, 909, 916, 923]
[314, 322, 330, 338, 346, 354]
[285, 289, 293, 297, 301, 305]
[70, 71, 71, 72, 73, 74]
[855, 861, 867, 873, 879, 885]
[314, 320, 326, 332, 338, 344]
[763, 768, 773, 778, 783, 788]
[108, 113, 119, 124, 129, 134]
[838, 845, 852, 859, 866, 873]
[492, 500, 508, 516, 524, 532]
[359, 364, 369, 374, 379, 384]
[168, 171, 174, 177, 180, 183]
[704, 713, 722, 731, 740, 749]
[111, 117, 122, 128, 134, 140]
[403, 410, 417, 425, 432, 439]
[871, 876, 882, 887, 892, 897]
[475, 479, 483, 487, 491, 495]
[880, 886, 892, 899, 905, 911]
[291, 298, 305, 312, 319, 326]
[376, 377, 378, 379, 380, 381]
[205, 215, 224, 234, 244, 254]
[856, 859, 862, 865, 868, 871]
[233, 238, 244, 250, 256, 262]
[709, 713, 717, 721, 725, 729]
[767, 771, 775, 779, 783, 787]
[712, 715, 718, 721, 724, 727]
[130, 136, 141, 146, 151, 156]
[203, 211, 219, 227, 235, 243]
[405, 410, 415, 420, 425, 430]
[567, 568, 570, 571, 572, 573]
[233, 242, 251, 260, 269, 278]
[476, 481, 486, 491, 496, 501]
[705, 710, 715, 720, 725, 730]
[16, 17, 18, 18, 19, 20]
[226, 230, 234, 238, 242, 246]
[450, 451, 452, 453, 454, 455]
[803, 810, 817, 824, 831, 838]
[637, 638, 639, 640, 641, 642]
[268, 272, 276, 280, 284, 288]
[6, 8, 10, 11, 13, 15]
[843, 845, 847, 850, 852, 854]
[597, 599, 601, 603, 605, 607]
[382, 390, 398, 406, 414, 422]
[717, 726, 735, 744, 753, 762]
[425, 431, 437, 443, 449, 455]
[561, 562, 563, 564, 565, 566]
[142, 148, 155, 161, 168, 175]
[384, 388, 392, 396, 400, 404]
[348, 349, 351, 352, 353, 354]
[844, 854, 864, 874, 884, 894]
[486, 491, 496, 501, 506, 511]
[448, 452, 455, 458, 461, 464]
[877, 882, 886, 891, 896, 901]
[562, 571, 579, 588, 597, 606]
[857, 860, 863, 866, 869, 872]
[556, 561, 566, 570, 575, 580]
[98, 106, 114, 123, 131, 139]
[414, 423, 432, 441, 450, 459]
[461, 464, 467, 470, 473, 476]
[498, 500, 502, 504, 506, 508]
[441, 446, 450, 454, 458, 462]
[100, 102, 104, 106, 108, 110]
[536, 537, 538, 539, 540, 541]
[266, 268, 269, 271, 273, 275]
[789, 799, 809, 819, 829, 839]
[359, 368, 377, 386, 395, 404]
[723, 732, 741, 750, 759, 768]
[561, 569, 577, 585, 593, 601]
[407, 408, 409, 410, 411, 412]
[251, 259, 268, 277, 286, 295]
[531, 536, 540, 545, 549, 553]
[713, 716, 720, 724, 728, 732]
[825, 827, 829, 831, 833, 835]
[679, 682, 685, 688, 691, 694]
[833, 838, 843, 848, 853, 858]
[832, 836, 840, 844, 848, 852]
[403, 412, 421, 430, 439, 448]
[774, 784, 794, 804, 814, 824]
[811, 817, 823, 829, 835, 841]
[609, 614, 620, 626, 632, 638]
[661, 667, 673, 679, 685, 691]
[464, 468, 471, 474, 477, 480]
[850, 852, 854, 856, 858, 860]
[104, 110, 116, 122, 128, 134]
[752, 753, 754, 755, 756, 757]
[234, 237, 240, 243, 246, 249]
[646, 650, 654, 658, 662, 666]
[383, 387, 391, 395, 399, 403]
[86, 89, 93, 96, 99, 102]
[631, 635, 640, 644, 649, 654]
[679, 683, 687, 691, 695, 699]
[251, 254, 257, 260, 263, 266]
[511, 516, 521, 526, 531, 536]
[421, 427, 433, 439, 445, 451]
[287, 288, 289, 290, 291, 292]
[595, 602, 609, 616, 623, 630]
[655, 661, 667, 673, 679, 685]
[125, 132, 139, 146, 153, 160]
[274, 283, 291, 299, 307, 315]
[827, 832, 837, 842, 847, 852]
[422, 429, 436, 443, 450, 457]
[136, 147, 157, 167, 177, 187]
[540, 542, 544, 546, 548, 550]
[710, 715, 720, 725, 730, 735]
[216, 217, 218, 219, 220, 221]
[557, 564, 572, 577, 584, 591]
[396, 404, 413, 421, 429, 437]
[548, 558, 568, 578, 588, 598]
[702, 705, 709, 713, 717, 721]
[817, 819, 822, 824, 826, 828]
[814, 821, 828, 835, 842, 849]
[746, 757, 767, 777, 787, 797]
[271, 276, 281, 286, 291, 296]
[365, 367, 369, 371, 373, 375]
[79, 84, 90, 95, 100, 105]
[388, 395, 402, 409, 416, 423]
[229, 236, 243, 250, 257, 264]
[318, 321, 323, 325, 327, 329]
[366, 371, 376, 381, 386, 391]
[706, 710, 714, 718, 722, 726]
[443, 449, 455, 461, 467, 473]
[740, 743, 746, 749, 752, 755]
[107, 113, 119, 125, 131, 137]
[51, 53, 55, 57, 59, 61]
[135, 136, 136, 137, 138, 139]
[727, 730, 732, 735, 738, 741]
[113, 119, 124, 130, 136, 142]
[866, 873, 880, 887, 894, 901]
[380, 387, 394, 401, 408, 415]
[356, 363, 370, 377, 384, 391]
[803, 811, 819, 827, 835, 843]
[185, 193, 201, 209, 217, 225]
[146, 149, 152, 155, 158, 161]
[493, 503, 513, 523, 533, 543]
[270, 278, 286, 294, 302, 310]
[554, 556, 558, 560, 562, 564]
[1, 2, 3, 4, 5, 6]
[889, 896, 903, 910, 917, 924]
[43, 51, 59, 67, 75, 83]
[852, 858, 864, 870, 876, 882]
[37, 42, 47, 52, 57, 62]
[78, 79, 80, 81, 82, 83]
[472, 477, 482, 487, 492, 497]
[292, 293, 295, 296, 297, 298]
[115, 122, 129, 136, 143, 150]
[606, 614, 622, 630, 638, 646]
[802, 811, 820, 829, 838, 847]
[241, 245, 249, 253, 257, 261]
[331, 338, 345, 352, 359, 366]
[643, 644, 645, 646, 647, 648]
[724, 725, 727, 727, 728, 729]
[91, 92, 93, 94, 95, 96]
[631, 632, 633, 635, 637, 639]
[395, 399, 403, 407, 411, 415]
[738, 744, 750, 757, 763, 769]
[663, 666, 669, 672, 675, 678]
[655, 660, 665, 670, 675, 680]
[480, 481, 482, 483, 484, 485]
[283, 288, 293, 299, 304, 309]
[817, 819, 820, 821, 822, 823]
[687, 690, 693, 696, 699, 702]
[415, 424, 433, 442, 451, 460]
[281, 287, 293, 300, 306, 312]
[461, 466, 470, 473, 477, 481]
[104, 112, 120, 128, 136, 144]
[622, 632, 642, 652, 662, 672]
[892, 896, 900, 904, 908, 912]
[56, 64, 72, 80, 88, 96]
[129, 135, 141, 147, 153, 159]
[11, 20, 29, 38, 47, 56]
[414, 422, 430, 438, 446, 454]
[824, 834, 844, 854, 864, 874]
[679, 684, 689, 694, 699, 704]
[647, 653, 658, 663, 668, 673]
[605, 615, 625, 635, 645, 655]
[401, 402, 403, 405, 406, 407]
[709, 711, 712, 713, 714, 715]
[715, 723, 731, 739, 747, 755]
[218, 226, 234, 242, 250, 258]
[771, 775, 779, 783, 787, 791]
[160, 161, 162, 163, 164, 165]
[281, 283, 285, 287, 289, 291]
[215, 216, 217, 218, 219, 220]
[726, 730, 734, 738, 742, 746]
[65, 75, 85, 95, 105, 115]
[775, 784, 793, 802, 811, 820]
[838, 849, 858, 868, 878, 888]
[331, 335, 339, 343, 347, 351]
[287, 296, 305, 314, 323, 332]
[871, 872, 873, 874, 875, 876]
[591, 592, 594, 595, 596, 597]
[570, 575, 580, 585, 590, 595]
[348, 351, 354, 357, 360, 363]
[114, 119, 124, 129, 134, 139]
[71, 74, 78, 82, 86, 90]
[869, 876, 883, 890, 897, 904]
[792, 801, 810, 818, 827, 836]
[854, 860, 866, 872, 878, 884]
[457, 463, 469, 475, 481, 487]
[665, 667, 670, 672, 674, 676]
[746, 753, 760, 767, 774, 781]
[403, 404, 405, 406, 407, 408]
[870, 876, 882, 889, 895, 901]
[469, 478, 487, 496, 505, 514]
[367, 374, 381, 388, 395, 402]
[407, 412, 416, 421, 425, 429]
[195, 199, 203, 207, 211, 215]
[397, 403, 409, 415, 421, 427]
[465, 467, 469, 471, 473, 475]
[66, 72, 78, 84, 90, 96]
[187, 192, 197, 202, 207, 212]
[68, 75, 82, 89, 96, 103]
[236, 240, 244, 248, 252, 256]
[345, 349, 354, 358, 362, 366]
[107, 117, 127, 137, 147, 157]
[658, 662, 667, 671, 675, 679]
[584, 590, 596, 602, 608, 614]
[830, 832, 834, 836, 838, 840]
[444, 451, 458, 465, 472, 479]
[551, 553, 556, 558, 560, 562]
[67, 71, 75, 79, 83, 87]
[489, 499, 509, 519, 529, 539]
[140, 146, 151, 156, 162, 168]
[245, 253, 261, 268, 276, 284]
[340, 341, 343, 345, 347, 349]
[291, 296, 301, 306, 311, 316]
[179, 180, 181, 182, 183, 184]
[540, 541, 541, 542, 543, 544]
[545, 552, 560, 567, 574, 581]
[875, 881, 887, 894, 900, 906]
[27, 28, 29, 31, 33, 35]
[728, 729, 731, 732, 734, 736]
[18, 24, 30, 36, 42, 48]
[235, 241, 248, 255, 262, 269]
[632, 634, 636, 638, 640, 642]
[687, 693, 700, 706, 712, 718]
[441, 450, 459, 468, 477, 486]
[421, 430, 437, 445, 453, 461]
[887, 895, 903, 911, 919, 927]
[404, 409, 414, 419, 424, 429]
[470, 477, 484, 491, 498, 505]
[822, 828, 834, 840, 846, 852]
[598, 602, 606, 610, 614, 618]
[517, 525, 533, 541, 549, 557]
[298, 308, 318, 328, 338, 348]
[810, 812, 814, 816, 818, 820]
[326, 328, 331, 333, 335, 337]
[445, 452, 459, 466, 473, 480]
[251, 259, 267, 275, 283, 291]
[773, 783, 793, 803, 813, 823]
[870, 877, 884, 890, 897, 904]
[778, 785, 792, 799, 806, 813]
[653, 663, 673, 683, 693, 703]
[36, 45, 54, 63, 72, 81]
[662, 663, 665, 667, 669, 671]
[604, 605, 606, 607, 608, 609]
[729, 732, 736, 739, 742, 745]
[518, 520, 522, 524, 526, 528]
[815, 817, 819, 821, 823, 825]
[814, 818, 822, 826, 830, 834]
[287, 292, 298, 304, 310, 316]
[628, 630, 632, 634, 636, 638]
[299, 307, 315, 324, 332, 340]
[79, 87, 95, 103, 111, 119]
[840, 849, 858, 867, 876, 885]
[6, 10, 13, 17, 21, 25]
[638, 644, 651, 658, 665, 672]
[466, 469, 473, 476, 479, 482]
[705, 705, 706, 707, 708, 709]
[130, 131, 132, 133, 134, 135]
[41, 48, 55, 61, 68, 75]
[661, 669, 677, 685, 693, 701]
[719, 729, 739, 749, 759, 769]
[808, 818, 828, 838, 848, 858]
[69, 71, 73, 75, 77, 79]
[201, 205, 209, 213, 217, 221]
[620, 625, 629, 633, 637, 641]
[553, 556, 559, 562, 565, 568]
[438, 442, 446, 450, 454, 458]
[756, 758, 761, 764, 766, 768]
[892, 894, 896, 898, 900, 902]
[468, 469, 470, 470, 471, 472]
[674, 679, 684, 689, 694, 699]
[276, 285, 294, 303, 312, 321]
[775, 782, 790, 798, 805, 812]
[645, 650, 654, 659, 664, 669]
[880, 886, 892, 898, 904, 910]
[441, 447, 452, 458, 463, 468]
[178, 180, 182, 184, 186, 188]
[857, 865, 873, 881, 889, 897]
[75, 83, 91, 99, 107, 115]
[429, 436, 443, 450, 457, 464]
[802, 805, 808, 811, 814, 817]
[40, 41, 42, 42, 43, 44]
[407, 410, 413, 416, 419, 422]
[292, 300, 308, 315, 323, 331]
[52, 61, 70, 79, 88, 97]
[248, 252, 255, 259, 263, 267]
[99, 106, 114, 121, 128, 135]
[692, 700, 708, 716, 724, 732]
[301, 305, 309, 313, 317, 321]
[216, 218, 220, 222, 224, 226]
[500, 501, 502, 503, 504, 505]
[488, 496, 505, 514, 523, 532]
[411, 418, 425, 432, 439, 446]
[232, 233, 234, 235, 236, 237]
[539, 548, 557, 566, 575, 584]
[773, 774, 775, 776, 777, 778]
[406, 411, 417, 422, 427, 432]
[227, 230, 233, 236, 239, 242]
[71, 75, 79, 83, 87, 91]
[439, 442, 445, 448, 451, 454]
[178, 182, 186, 190, 194, 198]
[240, 243, 246, 249, 252, 255]
[812, 819, 826, 833, 840, 847]
[448, 450, 452, 454, 456, 458]
[663, 665, 667, 669, 671, 673]
[207, 208, 209, 211, 212, 213]
[65, 70, 74, 78, 82, 86]
[66, 68, 69, 71, 73, 75]
[549, 554, 558, 562, 566, 570]
[562, 571, 581, 591, 601, 611]
[356, 358, 360, 362, 364, 366]
[585, 586, 587, 588, 589, 590]
[116, 117, 117, 118, 119, 120]
[63, 69, 75, 81, 87, 93]
[621, 624, 628, 631, 634, 637]
[2, 8, 14, 20, 26, 32]
[566, 567, 568, 569, 570, 571]
[141, 150, 159, 168, 177, 186]
[131, 135, 139, 143, 147, 151]
[127, 133, 139, 145, 151, 157]
[224, 230, 235, 241, 247, 253]
[309, 312, 316, 318, 321, 324]
[623, 630, 635, 640, 645, 650]
[774, 778, 782, 787, 791, 795]
[471, 479, 487, 495, 503, 511]
[426, 432, 439, 446, 453, 460]
[322, 331, 340, 349, 358, 367]
[853, 858, 863, 867, 872, 877]
[821, 829, 837, 845, 853, 861]
[546, 552, 558, 565, 571, 577]
[200, 205, 211, 216, 221, 226]
[117, 123, 129, 135, 141, 147]
[270, 274, 278, 282, 286, 290]
[615, 621, 627, 633, 639, 645]
[693, 699, 705, 711, 717, 723]
[589, 594, 599, 604, 609, 614]
[336, 344, 351, 359, 367, 375]
[675, 678, 682, 686, 690, 694]
[635, 636, 636, 637, 638, 639]
[822, 825, 829, 832, 835, 838]
[175, 183, 191, 199, 207, 215]
[220, 225, 230, 236, 241, 246]
[573, 578, 582, 587, 592, 597]
[21, 25, 29, 33, 37, 41]
[226, 231, 236, 241, 246, 251]
[384, 391, 399, 407, 415, 423]
[352, 359, 366, 372, 379, 386]
[284, 291, 298, 305, 312, 319]
[36, 39, 42, 45, 48, 51]
[696, 699, 702, 705, 708, 711]
[113, 119, 125, 131, 137, 143]
[431, 437, 443, 449, 455, 461]
[596, 605, 614, 623, 632, 641]
[879, 882, 885, 888, 891, 894]
[75, 82, 89, 96, 103, 110]
[73, 81, 89, 97, 105, 113]
[25, 33, 41, 48, 56, 64]
[12, 22, 32, 42, 52, 62]
[238, 246, 255, 263, 271, 279]
[433, 439, 445, 451, 457, 463]
[882, 888, 894, 900, 906, 912]
[830, 832, 833, 834, 835, 836]
[876, 878, 880, 882, 884, 886]
[238, 239, 240, 242, 243, 244]
[845, 851, 857, 863, 869, 875]
[603, 605, 607, 609, 611, 613]
[398, 401, 404, 407, 410, 413]
[299, 300, 301, 302, 303, 304]
[739, 742, 745, 748, 751, 754]
[402, 410, 418, 426, 434, 442]
[372, 377, 382, 387, 392, 397]
[537, 541, 546, 551, 556, 561]
[116, 121, 126, 131, 136, 141]
[753, 761, 769, 777, 785, 793]
[131, 138, 146, 154, 162, 170]
[697, 703, 709, 715, 721, 727]
[468, 469, 470, 471, 472, 473]
[258, 261, 264, 265, 267, 269]
[120, 131, 141, 151, 161, 171]
[757, 761, 765, 769, 773, 777]
[552, 557, 563, 569, 575, 581]
[640, 649, 658, 667, 676, 685]
[97, 107, 118, 128, 138, 148]
[19, 26, 33, 40, 47, 54]
[600, 610, 621, 631, 641, 651]
[121, 130, 139, 148, 157, 166]
[551, 557, 563, 570, 576, 582]
[148, 151, 154, 157, 160, 163]
[758, 763, 769, 774, 779, 784]
[366, 368, 371, 374, 377, 380]
[880, 885, 890, 895, 900, 905]
[800, 809, 818, 827, 836, 845]
[503, 510, 517, 524, 531, 538]
[357, 359, 361, 364, 367, 370]
[769, 774, 779, 784, 789, 794]
[580, 585, 589, 593, 597, 601]
[286, 293, 300, 307, 314, 321]
[183, 193, 203, 213, 223, 233]
[861, 866, 871, 876, 881, 886]
[362, 369, 376, 382, 388, 394]
[813, 820, 827, 834, 841, 848]
[837, 846, 855, 864, 873, 882]
[43, 45, 47, 49, 51, 53]
[76, 78, 80, 82, 84, 86]
[806, 809, 812, 815, 818, 821]
[821, 823, 825, 827, 829, 831]
[201, 211, 221, 232, 242, 252]
[650, 655, 660, 665, 670, 675]
[649, 655, 661, 667, 673, 679]
[854, 859, 864, 869, 874, 879]
[258, 266, 274, 282, 290, 298]
[65, 71, 76, 81, 86, 91]
[9, 12, 15, 17, 20, 23]
[472, 482, 491, 500, 509, 518]
[499, 501, 503, 505, 507, 509]
[279, 288, 297, 306, 315, 324]
[759, 763, 767, 771, 775, 779]
[833, 843, 852, 862, 872, 882]
[299, 308, 317, 326, 335, 344]
[591, 600, 609, 618, 627, 636]
[800, 810, 820, 831, 841, 851]
[613, 621, 629, 637, 645, 653]
[76, 86, 96, 106, 116, 126]
[713, 720, 727, 734, 741, 748]
[460, 466, 472, 478, 484, 490]
[7, 15, 23, 31, 39, 47]
[500, 502, 504, 506, 508, 510]
[258, 262, 266, 270, 274, 278]
[207, 209, 212, 215, 218, 221]
[494, 503, 512, 521, 530, 539]
[562, 564, 567, 569, 571, 573]
[661, 664, 667, 670, 673, 676]
[616, 624, 631, 638, 645, 652]
[654, 655, 656, 657, 658, 659]
[364, 366, 368, 370, 372, 374]
[694, 703, 711, 719, 727, 735]
[521, 526, 531, 537, 542, 547]
[703, 710, 717, 724, 731, 738]
[226, 229, 232, 235, 238, 241]
[535, 545, 555, 565, 575, 585]
[199, 200, 201, 202, 203, 204]
[437, 443, 449, 456, 462, 468]
[141, 147, 155, 162, 169, 176]
[1, 5, 9, 13, 17, 21]
[538, 540, 541, 543, 545, 547]
[243, 252, 261, 270, 279, 288]
[57, 66, 75, 83, 92, 101]
[69, 78, 87, 96, 105, 114]
[25, 31, 37, 42, 48, 54]
[197, 201, 205, 208, 212, 216]
[871, 874, 877, 880, 883, 886]
[268, 276, 284, 292, 300, 308]
[748, 756, 764, 772, 780, 788]
[731, 740, 749, 757, 765, 773]
[171, 170, 171, 172, 173, 174]
[878, 884, 890, 896, 902, 908]
[597, 602, 607, 612, 617, 622]
[211, 218, 225, 232, 239, 246]
[30, 32, 34, 36, 38, 40]
[714, 720, 726, 732, 738, 744]
[749, 756, 764, 771, 778, 785]
[833, 836, 839, 841, 844, 847]
[17, 22, 27, 31, 36, 41]
[293, 300, 307, 314, 321, 328]
[229, 239, 249, 259, 269, 279]
[433, 435, 436, 438, 440, 442]
[453, 455, 458, 462, 465, 468]
[293, 303, 313, 323, 333, 343]
[607, 617, 627, 637, 647, 657]
[143, 151, 159, 167, 175, 183]
[501, 502, 503, 504, 505, 506]
[217, 218, 219, 220, 221, 222]
[250, 258, 267, 275, 283, 291]
[247, 252, 256, 260, 265, 270]
[699, 707, 714, 721, 728, 735]
[651, 661, 671, 681, 691, 701]
[697, 702, 707, 712, 717, 722]
[12, 16, 19, 23, 27, 31]
[40, 42, 44, 46, 48, 50]
[210, 220, 230, 240, 250, 260]
[521, 523, 525, 527, 529, 531]
[380, 390, 400, 410, 420, 430]
[883, 893, 902, 912, 922, 932]
[728, 730, 731, 733, 735, 737]
[290, 295, 300, 305, 310, 315]
[142, 151, 160, 169, 178, 187]
[583, 592, 602, 611, 620, 629]
[474, 478, 481, 483, 485, 487]
[346, 347, 348, 349, 350, 351]
[315, 323, 331, 339, 347, 355]
[520, 524, 528, 532, 536, 540]
[746, 749, 751, 753, 755, 757]
[601, 606, 611, 617, 622, 627]
[505, 515, 525, 535, 545, 555]
[826, 832, 838, 844, 850, 856]
[214, 221, 228, 235, 242, 249]
[226, 227, 229, 231, 232, 233]
[824, 832, 840, 847, 855, 863]
[622, 632, 643, 653, 663, 673]
[323, 326, 329, 332, 335, 338]
[161, 166, 171, 176, 181, 186]
[12, 14, 16, 17, 19, 21]
[698, 706, 713, 721, 728, 735]
[256, 257, 258, 259, 260, 261]
[873, 875, 877, 879, 881, 883]
[657, 664, 671, 678, 685, 692]
[487, 497, 507, 517, 527, 537]
[203, 203, 204, 205, 206, 207]
[890, 897, 904, 911, 918, 925]
[41, 47, 53, 59, 65, 71]
[677, 684, 691, 698, 705, 712]
[836, 846, 856, 866, 876, 886]
[228, 232, 236, 241, 245, 249]
[649, 658, 667, 676, 685, 694]
[734, 741, 748, 755, 762, 769]
[178, 179, 180, 180, 181, 182]
[513, 518, 523, 528, 533, 538]
[651, 658, 665, 672, 679, 686]
[350, 356, 362, 367, 373, 379]
[752, 755, 758, 761, 764, 767]
[895, 901, 907, 913, 919, 925]
[526, 533, 540, 547, 554, 561]
[443, 446, 449, 452, 455, 458]
[51, 57, 63, 69, 75, 81]
[590, 597, 603, 610, 617, 624]
[477, 487, 497, 507, 517, 527]
[585, 587, 589, 591, 593, 595]
[567, 572, 576, 582, 587, 592]
[422, 428, 434, 440, 446, 452]
[250, 252, 254, 256, 258, 260]
[577, 581, 584, 587, 590, 593]
[853, 853, 854, 855, 856, 857]
[642, 651, 660, 669, 678, 687]
[73, 83, 93, 103, 113, 123]
[387, 390, 393, 396, 399, 402]
[58, 61, 65, 69, 72, 75]
[825, 830, 835, 840, 845, 850]
[69, 73, 77, 81, 85, 89]
[204, 212, 220, 228, 236, 244]
[512, 517, 523, 529, 535, 541]
[469, 477, 485, 493, 501, 509]
[676, 678, 680, 682, 684, 686]
[851, 860, 868, 876, 884, 892]
[824, 826, 828, 830, 832, 834]
[528, 532, 536, 540, 544, 548]
[120, 123, 126, 129, 132, 135]
[25, 29, 33, 37, 41, 45]
[286, 292, 298, 304, 310, 316]
[611, 617, 623, 629, 635, 641]
[136, 139, 142, 145, 148, 151]
[182, 187, 192, 197, 202, 207]
[643, 645, 647, 649, 651, 653]
[75, 80, 85, 90, 95, 100]
[534, 535, 536, 537, 538, 539]
[506, 509, 513, 516, 519, 522]
[564, 566, 568, 570, 572, 574]
[617, 621, 626, 631, 636, 641]
[530, 532, 533, 536, 538, 540]
[583, 588, 593, 596, 601, 606]
[506, 510, 514, 518, 522, 526]
[677, 687, 697, 707, 717, 727]
[356, 360, 364, 368, 372, 376]
[504, 513, 522, 531, 540, 549]
[390, 401, 411, 421, 431, 441]
[323, 334, 344, 354, 364, 374]
[69, 76, 83, 90, 97, 104]
[760, 767, 774, 781, 788, 795]
[144, 152, 160, 168, 176, 184]
[472, 478, 483, 489, 495, 501]
[845, 851, 856, 861, 866, 871]
[666, 667, 668, 670, 671, 672]
[165, 171, 177, 183, 189, 195]
[396, 402, 408, 414, 420, 426]
[346, 350, 354, 357, 361, 365]
[124, 125, 126, 127, 128, 129]
[828, 831, 833, 835, 837, 839]
[813, 818, 823, 828, 833, 838]
[539, 549, 559, 569, 579, 589]
[417, 423, 430, 437, 444, 451]
[851, 853, 855, 857, 859, 861]
[244, 248, 252, 256, 260, 264]
[864, 872, 880, 888, 896, 904]
[330, 335, 340, 345, 350, 355]
[69, 70, 71, 72, 73, 74]
[894, 903, 913, 924, 934, 944]
[534, 537, 540, 543, 546, 549]
[667, 676, 685, 695, 704, 713]
[48, 57, 66, 74, 83, 92]
[131, 136, 141, 146, 151, 156]
[657, 665, 674, 682, 691, 700]
[358, 364, 370, 376, 382, 388]
[180, 183, 186, 189, 192, 195]
[2, 10, 18, 26, 34, 42]
[638, 644, 652, 659, 666, 673]
[898, 900, 902, 904, 906, 908]
[802, 810, 818, 826, 834, 842]
[194, 196, 198, 200, 202, 204]
[293, 294, 295, 296, 297, 298]
[559, 568, 577, 586, 595, 604]
[730, 740, 750, 760, 770, 780]
[110, 114, 118, 122, 126, 130]
[3, 5, 7, 10, 12, 14]
[735, 738, 741, 744, 747, 750]
[737, 744, 751, 758, 765, 772]
[544, 549, 554, 559, 564, 569]
[321, 325, 329, 333, 337, 341]
[386, 388, 390, 392, 394, 396]
[132, 134, 135, 137, 139, 141]
[842, 847, 852, 857, 862, 867]
[338, 343, 348, 353, 358, 363]
[68, 71, 74, 77, 80, 83]
[674, 682, 690, 698, 706, 714]
[476, 480, 485, 490, 495, 500]
[834, 843, 851, 860, 869, 878]
[259, 266, 272, 280, 287, 294]
[725, 735, 745, 755, 765, 775]
[158, 164, 171, 178, 185, 192]
[817, 822, 827, 832, 837, 842]
[887, 897, 906, 915, 924, 933]
[613, 617, 621, 625, 629, 633]
[182, 189, 196, 203, 210, 217]
[217, 227, 236, 246, 256, 266]
[696, 700, 703, 707, 711, 715]
[484, 486, 488, 490, 492, 494]
[617, 627, 637, 647, 657, 667]
[310, 313, 316, 319, 322, 325]
[879, 883, 887, 890, 894, 898]
[750, 752, 754, 756, 758, 760]
[542, 547, 552, 557, 562, 567]
[323, 332, 341, 350, 359, 368]
[759, 767, 774, 781, 788, 795]
[881, 883, 885, 888, 890, 892]
[262, 263, 264, 265, 266, 267]
[499, 509, 518, 527, 536, 545]
[304, 309, 314, 319, 324, 329]
[797, 799, 801, 803, 805, 807]
[186, 192, 198, 204, 210, 216]
[168, 174, 180, 186, 192, 198]
[23, 26, 29, 32, 35, 38]
[764, 766, 768, 770, 772, 774]
[733, 739, 746, 752, 758, 764]
[160, 170, 180, 190, 200, 210]
[547, 548, 549, 550, 551, 552]
[28, 35, 42, 49, 56, 63]
[424, 425, 426, 428, 429, 430]
[487, 490, 493, 496, 499, 502]
[110, 113, 116, 119, 122, 125]
[890, 893, 896, 899, 902, 905]
[832, 838, 845, 850, 856, 862]
[237, 238, 239, 240, 241, 242]
[66, 70, 74, 78, 82, 86]
[840, 844, 848, 852, 856, 860]
[667, 677, 686, 696, 706, 716]
[797, 798, 799, 800, 801, 802]
[791, 793, 795, 798, 800, 802]
[518, 526, 535, 544, 553, 562]
[608, 612, 616, 620, 624, 628]
[730, 734, 738, 743, 747, 751]
[176, 185, 194, 203, 212, 221]
[179, 182, 185, 188, 191, 194]
[488, 492, 496, 500, 504, 508]
[381, 383, 385, 387, 389, 391]
[366, 368, 370, 372, 374, 376]
[307, 313, 319, 325, 331, 337]
[154, 162, 170, 178, 186, 194]
[153, 158, 163, 168, 173, 178]
[657, 667, 677, 687, 697, 707]
[536, 541, 546, 552, 557, 562]
[158, 161, 163, 165, 167, 169]
[123, 128, 134, 140, 146, 152]
[587, 593, 599, 605, 611, 617]
[63, 72, 81, 91, 100, 109]
[41, 45, 49, 54, 58, 62]
[9, 16, 23, 30, 37, 44]
[314, 324, 334, 344, 354, 364]
[639, 643, 647, 650, 654, 658]
[451, 461, 471, 481, 491, 501]
[630, 635, 638, 643, 648, 653]
[843, 852, 861, 870, 879, 888]
[711, 716, 721, 726, 731, 736]
[104, 113, 122, 131, 140, 149]
[162, 169, 176, 183, 190, 197]
[483, 492, 501, 510, 519, 528]
[175, 180, 185, 190, 195, 200]
[838, 843, 848, 854, 860, 866]
[780, 787, 794, 801, 808, 815]
[80, 88, 96, 104, 112, 120]
[515, 524, 533, 542, 551, 560]
[128, 136, 145, 154, 163, 172]
[194, 200, 206, 212, 218, 224]
[778, 782, 785, 788, 791, 794]
[154, 155, 156, 158, 159, 160]
[94, 97, 101, 104, 107, 110]
[356, 361, 366, 371, 376, 381]
[144, 147, 150, 153, 156, 159]
[39, 48, 57, 66, 75, 84]
[883, 888, 893, 898, 903, 908]
[681, 682, 683, 684, 685, 686]
[577, 584, 591, 598, 605, 612]
[399, 407, 415, 422, 430, 438]
[263, 267, 271, 275, 279, 283]
[418, 423, 428, 433, 438, 443]
[814, 817, 820, 823, 826, 829]
[608, 610, 612, 614, 616, 618]
[227, 236, 245, 254, 263, 272]
[868, 878, 888, 898, 908, 918]
[776, 786, 796, 806, 816, 826]
[648, 652, 655, 658, 661, 664]
[691, 697, 703, 709, 715, 721]
[210, 212, 215, 218, 221, 224]
[213, 223, 233, 243, 253, 263]
[120, 126, 131, 137, 143, 149]
[628, 637, 646, 654, 663, 672]
[300, 308, 317, 326, 335, 344]
[701, 705, 709, 713, 717, 721]
[172, 173, 174, 175, 176, 177]
[747, 753, 759, 765, 771, 777]
[343, 353, 363, 373, 383, 393]
[368, 369, 370, 371, 372, 373]
[675, 679, 683, 687, 691, 695]
[189, 195, 201, 207, 213, 219]
[391, 401, 411, 421, 431, 441]
[182, 190, 197, 204, 211, 218]
[741, 750, 759, 768, 777, 786]
[255, 262, 269, 276, 283, 290]
[165, 176, 186, 196, 206, 216]
[97, 103, 110, 117, 124, 131]
[562, 563, 564, 565, 566, 567]
[434, 437, 441, 444, 447, 450]
[576, 577, 578, 578, 579, 580]
[521, 524, 527, 530, 533, 536]
[91, 91, 92, 93, 94, 95]
[175, 185, 195, 205, 215, 225]
[692, 695, 698, 700, 703, 706]
[663, 664, 666, 667, 669, 671]
[284, 287, 290, 293, 296, 299]
[721, 723, 725, 726, 728, 730]
[862, 863, 866, 869, 872, 875]
[716, 724, 733, 742, 751, 760]
[604, 611, 617, 623, 629, 635]
[557, 558, 559, 560, 561, 562]
[645, 650, 655, 660, 665, 670]
[793, 800, 807, 814, 821, 828]
[846, 848, 850, 852, 854, 856]
[501, 510, 519, 528, 537, 546]
[34, 38, 42, 46, 50, 54]
[344, 348, 353, 357, 361, 365]
[619, 622, 626, 630, 634, 638]
[859, 870, 880, 890, 900, 910]
[220, 226, 231, 237, 243, 249]
[790, 795, 800, 805, 810, 815]
[794, 799, 804, 809, 814, 819]
[669, 676, 683, 689, 696, 703]
[52, 62, 72, 82, 92, 102]
[26, 33, 40, 47, 54, 61]
[294, 296, 298, 300, 302, 304]
[52, 53, 54, 55, 56, 57]
[458, 460, 462, 464, 466, 468]
[370, 373, 376, 379, 382, 385]
[6, 9, 12, 15, 18, 21]
[739, 741, 743, 745, 747, 749]
[77, 84, 91, 98, 105, 112]
[707, 714, 721, 728, 735, 742]
[142, 143, 144, 145, 146, 147]
[433, 439, 444, 450, 456, 462]
[677, 678, 679, 680, 681, 682]
[459, 464, 469, 474, 479, 484]
[46, 47, 48, 49, 50, 51]
[751, 753, 754, 756, 758, 760]
[6, 16, 26, 36, 46, 56]
[220, 230, 241, 251, 261, 271]
[865, 875, 885, 895, 905, 915]
[779, 789, 800, 810, 820, 830]
[627, 637, 647, 657, 667, 677]
[307, 311, 315, 319, 323, 327]
[424, 434, 444, 454, 464, 474]
[180, 188, 196, 204, 212, 220]
[752, 761, 770, 779, 788, 797]
[64, 73, 82, 91, 100, 109]
[601, 610, 619, 627, 636, 645]
[36, 46, 55, 65, 75, 85]
[639, 644, 649, 654, 659, 664]
[335, 342, 349, 356, 363, 370]
[824, 825, 826, 827, 828, 829]
[403, 408, 413, 418, 423, 428]
[487, 492, 497, 502, 507, 512]
[900, 907, 914, 921, 928, 935]
[172, 174, 177, 179, 181, 183]
[150, 158, 166, 174, 182, 190]
[92, 101, 110, 119, 128, 137]
[844, 845, 847, 848, 849, 850]
[170, 171, 172, 174, 175, 176]
[82, 86, 90, 95, 99, 103]
[96, 105, 114, 123, 132, 141]
[37, 38, 40, 41, 42, 43]
[723, 728, 733, 738, 743, 748]
[2, 6, 10, 14, 18, 22]
[424, 428, 433, 438, 443, 448]
[598, 608, 617, 625, 634, 643]
[809, 812, 815, 818, 821, 824]
[605, 606, 607, 608, 609, 610]
[160, 164, 168, 172, 176, 180]
[117, 121, 124, 127, 130, 133]
[655, 665, 675, 685, 695, 705]
[138, 139, 140, 141, 142, 143]
[131, 138, 145, 152, 159, 166]
[339, 344, 349, 354, 359, 364]
[261, 265, 268, 272, 276, 280]
[307, 312, 316, 321, 326, 331]
[599, 609, 619, 629, 639, 649]
[67, 75, 83, 91, 99, 107]
[131, 135, 139, 142, 146, 150]
[528, 530, 531, 533, 535, 537]
[893, 899, 905, 911, 917, 923]
[578, 586, 594, 602, 610, 618]
[28, 30, 32, 34, 36, 38]
[324, 333, 342, 351, 360, 369]
[869, 873, 876, 880, 884, 888]
[431, 436, 443, 448, 453, 458]
[894, 903, 911, 919, 927, 935]
[692, 699, 707, 715, 723, 731]
[75, 76, 77, 78, 79, 80]
[388, 390, 392, 394, 396, 398]
[530, 538, 546, 554, 562, 570]
[395, 401, 407, 413, 419, 425]
[630, 637, 643, 649, 655, 661]
[688, 698, 709, 719, 729, 739]
[409, 411, 413, 415, 417, 419]
[572, 582, 592, 602, 612, 622]
[834, 838, 842, 846, 850, 854]
[546, 548, 550, 552, 554, 556]
[29, 33, 37, 40, 44, 48]
[783, 791, 800, 808, 816, 824]
[382, 384, 388, 391, 394, 397]
[656, 660, 664, 668, 672, 676]
[464, 469, 474, 479, 484, 489]
[326, 327, 328, 329, 330, 331]
[776, 777, 778, 779, 780, 781]
[617, 618, 619, 620, 621, 622]
[883, 891, 899, 907, 915, 923]
[311, 317, 322, 327, 332, 337]
[164, 171, 178, 185, 192, 199]
[35, 38, 42, 46, 50, 54]
[576, 583, 590, 597, 604, 611]
[102, 111, 120, 129, 138, 147]
[578, 583, 588, 593, 598, 603]
[435, 443, 451, 459, 467, 475]
[153, 160, 168, 176, 184, 192]
[809, 817, 826, 835, 844, 853]
[252, 260, 268, 276, 284, 292]
[420, 427, 434, 441, 448, 455]
[133, 136, 138, 141, 144, 147]
[895, 899, 903, 907, 911, 915]
[549, 554, 559, 564, 569, 574]
[582, 591, 600, 609, 618, 627]
[320, 322, 324, 326, 328, 330]
[239, 248, 257, 266, 275, 284]
[631, 633, 635, 637, 639, 641]
[156, 159, 162, 165, 168, 171]
[786, 792, 799, 805, 811, 817]
[733, 741, 749, 757, 765, 773]
[890, 894, 898, 902, 906, 910]
[58, 62, 65, 68, 71, 74]
[807, 815, 822, 830, 838, 846]
[598, 607, 616, 626, 635, 644]
[282, 288, 294, 300, 306, 312]
[379, 386, 393, 400, 408, 416]
[134, 141, 148, 155, 162, 169]
[269, 275, 280, 285, 290, 295]
[717, 724, 732, 739, 746, 753]
[460, 464, 468, 472, 476, 480]
[878, 888, 898, 908, 918, 928]
[193, 195, 197, 199, 201, 203]
[296, 297, 298, 299, 300, 301]
[393, 400, 407, 414, 421, 428]
[91, 97, 103, 109, 115, 121]
[360, 366, 372, 378, 384, 390]
[786, 791, 796, 801, 806, 811]
[661, 666, 670, 674, 678, 682]
[581, 586, 590, 594, 598, 602]
[700, 702, 703, 705, 707, 709]
[441, 443, 446, 448, 450, 452]
[784, 792, 800, 808, 816, 824]
[785, 795, 805, 815, 825, 835]
[738, 741, 744, 747, 750, 753]
[35, 37, 39, 41, 43, 45]
[774, 782, 789, 796, 803, 810]
[56, 59, 62, 65, 68, 71]
[554, 562, 570, 578, 586, 594]
[411, 415, 420, 425, 430, 435]
[508, 515, 522, 529, 536, 543]
[534, 539, 544, 549, 554, 559]
[130, 135, 141, 147, 153, 159]
[574, 584, 594, 604, 614, 624]
[326, 333, 340, 347, 354, 361]
[484, 487, 490, 493, 496, 499]
[776, 783, 790, 796, 803, 810]
[288, 291, 293, 295, 297, 299]
[140, 143, 146, 149, 152, 155]
[411, 417, 423, 429, 435, 441]
[248, 252, 256, 260, 264, 268]
[872, 876, 880, 884, 888, 892]
[120, 122, 124, 126, 128, 130]
[376, 384, 392, 400, 408, 416]
[80, 90, 100, 110, 120, 130]
[156, 164, 173, 181, 189, 197]
[865, 868, 871, 874, 877, 880]
[479, 484, 489, 494, 499, 504]
[224, 231, 238, 245, 252, 259]
[697, 699, 701, 704, 706, 708]
[315, 324, 333, 342, 351, 360]
[635, 644, 653, 662, 671, 680]
[384, 392, 399, 407, 415, 423]
[127, 134, 141, 150, 158, 166]
[24, 31, 38, 45, 52, 59]
[24, 28, 32, 36, 40, 44]
[170, 180, 190, 200, 210, 220]
[76, 84, 92, 100, 108, 116]
[348, 350, 353, 356, 359, 362]
[280, 283, 286, 289, 292, 295]
[52, 56, 60, 64, 68, 72]
[892, 898, 904, 910, 916, 922]
[204, 206, 209, 211, 213, 215]
[486, 487, 488, 489, 490, 491]
[262, 268, 274, 280, 286, 292]
[439, 449, 459, 469, 479, 489]
[699, 701, 703, 705, 707, 709]
[389, 397, 406, 414, 422, 430]
[194, 194, 195, 196, 197, 198]
[533, 541, 549, 556, 564, 572]
[773, 781, 788, 795, 802, 809]
[517, 526, 535, 544, 553, 562]
[247, 256, 265, 274, 283, 292]
[534, 538, 542, 546, 550, 554]
[413, 418, 423, 428, 433, 438]
[116, 120, 124, 128, 132, 136]
[301, 307, 314, 320, 326, 332]
[234, 236, 238, 239, 241, 243]
[776, 778, 780, 782, 784, 786]
[641, 647, 653, 659, 665, 671]
[55, 61, 67, 73, 79, 85]
[454, 462, 470, 478, 486, 494]
[251, 258, 265, 272, 279, 286]
[219, 223, 228, 234, 239, 244]
[309, 317, 325, 333, 341, 349]
[740, 747, 754, 762, 769, 776]
[519, 526, 535, 543, 551, 559]
[259, 264, 270, 275, 280, 285]
[94, 96, 98, 99, 101, 103]
[319, 323, 327, 331, 335, 339]
[548, 554, 561, 568, 575, 582]
[143, 145, 147, 149, 151, 153]
[530, 536, 542, 548, 554, 560]
[364, 373, 382, 390, 399, 408]
[41, 43, 45, 47, 49, 51]
[228, 238, 248, 258, 268, 278]
[473, 480, 487, 494, 501, 508]
[420, 423, 426, 429, 432, 435]
[566, 569, 572, 575, 578, 581]
[77, 81, 85, 89, 93, 97]
[895, 902, 909, 916, 923, 930]
[656, 659, 662, 665, 668, 671]
[470, 477, 484, 490, 497, 504]
[257, 258, 260, 261, 262, 263]
[760, 764, 768, 772, 776, 780]
[576, 584, 593, 602, 611, 620]
[97, 107, 117, 127, 137, 147]
[149, 160, 170, 179, 189, 199]
[149, 150, 150, 151, 152, 153]
[172, 178, 185, 192, 198, 204]
[239, 243, 247, 251, 255, 259]
[371, 372, 374, 376, 378, 380]
[519, 522, 525, 528, 531, 534]
[749, 752, 755, 758, 761, 764]
[196, 197, 198, 199, 200, 201]
[776, 777, 779, 780, 781, 782]
[98, 100, 102, 104, 106, 108]
[436, 443, 450, 457, 464, 471]
[567, 571, 575, 579, 583, 587]
[229, 231, 234, 237, 240, 243]
[199, 201, 203, 205, 207, 209]
[180, 184, 188, 192, 196, 200]
[475, 482, 489, 496, 503, 510]
[62, 68, 74, 80, 86, 92]
[214, 222, 230, 238, 246, 254]
[437, 447, 457, 467, 477, 487]
[259, 263, 267, 271, 275, 279]
[341, 351, 361, 371, 381, 391]
[776, 779, 782, 784, 787, 790]
[59, 62, 65, 68, 71, 74]
[820, 822, 824, 826, 828, 830]
[480, 485, 490, 495, 500, 505]
[791, 796, 800, 805, 810, 815]
[83, 86, 89, 92, 95, 98]
[18, 20, 22, 24, 26, 28]
[705, 707, 709, 711, 713, 715]
[278, 282, 284, 288, 292, 296]
[800, 810, 821, 831, 841, 851]
[546, 550, 554, 558, 562, 566]
[344, 349, 354, 359, 364, 369]
[857, 862, 867, 873, 878, 883]
[864, 873, 881, 889, 897, 905]
[101, 107, 113, 118, 124, 130]
[192, 193, 194, 194, 195, 196]
[184, 193, 202, 211, 220, 229]
[667, 668, 669, 670, 671, 672]
[399, 407, 416, 424, 432, 440]
[66, 70, 75, 79, 83, 87]
[17, 22, 27, 32, 37, 42]
[888, 896, 904, 912, 920, 928]
[774, 775, 775, 776, 777, 778]
[426, 428, 430, 432, 434, 436]
[463, 465, 467, 469, 471, 473]
[860, 865, 870, 875, 880, 885]
[87, 96, 104, 114, 123, 132]
[625, 630, 634, 638, 642, 646]
[695, 696, 697, 699, 700, 701]
[671, 677, 683, 689, 695, 701]
[451, 460, 469, 477, 485, 493]
[203, 206, 210, 214, 218, 222]
[336, 342, 347, 352, 357, 362]
[16, 21, 26, 31, 36, 41]
[658, 661, 663, 666, 669, 672]
[203, 213, 223, 233, 243, 253]
[321, 323, 324, 326, 328, 330]
[668, 677, 687, 696, 705, 714]
[345, 353, 361, 369, 377, 385]
[603, 610, 617, 624, 631, 638]
[822, 831, 840, 849, 858, 867]
[614, 621, 628, 635, 642, 649]
[45, 51, 57, 63, 69, 75]
[578, 582, 586, 590, 594, 598]
[456, 457, 458, 459, 460, 461]
[781, 787, 792, 797, 802, 807]
[230, 235, 240, 245, 250, 255]
[222, 225, 228, 231, 234, 237]
[682, 688, 693, 697, 702, 707]
[318, 326, 334, 343, 351, 359]
[79, 86, 93, 100, 107, 114]
[588, 594, 600, 607, 613, 619]
[297, 308, 318, 328, 338, 348]
[650, 652, 654, 656, 658, 660]
[377, 378, 379, 380, 381, 382]
[253, 262, 272, 281, 290, 299]
[355, 359, 363, 367, 371, 375]
[408, 414, 420, 426, 432, 438]
[646, 653, 660, 667, 674, 681]
[154, 163, 172, 181, 190, 199]
[723, 726, 730, 734, 738, 742]
[450, 454, 458, 462, 466, 470]
[480, 485, 490, 496, 501, 506]
[492, 499, 506, 513, 520, 527]
[707, 715, 723, 731, 739, 747]
[127, 137, 147, 158, 168, 178]
[545, 547, 548, 549, 550, 551]
[357, 366, 375, 384, 393, 402]
[706, 712, 717, 723, 729, 735]
[768, 778, 788, 798, 808, 818]
[828, 829, 830, 831, 832, 833]
[797, 806, 814, 825, 834, 843]
[853, 855, 858, 860, 862, 864]
[235, 244, 253, 262, 271, 280]
[531, 541, 551, 562, 572, 582]
[743, 743, 744, 745, 746, 747]
[122, 128, 134, 140, 146, 152]
[549, 552, 555, 558, 561, 564]
[55, 60, 65, 70, 75, 80]
[733, 740, 747, 754, 761, 768]
[333, 344, 354, 364, 374, 384]
[541, 547, 553, 559, 565, 571]
[213, 214, 215, 216, 217, 218]
[143, 146, 149, 152, 155, 158]
[277, 279, 281, 283, 285, 287]
[243, 252, 259, 267, 275, 283]
[802, 809, 815, 821, 828, 835]
[65, 70, 76, 82, 88, 94]
[358, 363, 368, 373, 378, 383]
[348, 350, 352, 353, 355, 357]
[845, 849, 853, 857, 861, 865]
[721, 726, 732, 737, 742, 747]
[395, 402, 408, 415, 422, 429]
[250, 256, 262, 268, 274, 280]
[380, 385, 390, 395, 400, 405]
[523, 530, 537, 544, 551, 558]
[729, 731, 734, 737, 740, 743]
[608, 611, 614, 617, 620, 623]
[784, 794, 803, 813, 822, 831]
[823, 831, 839, 847, 855, 863]
[451, 454, 457, 460, 463, 466]
[618, 622, 626, 631, 635, 639]
[393, 399, 405, 410, 416, 422]
[423, 427, 431, 434, 437, 440]
[236, 245, 254, 263, 272, 281]
[641, 644, 647, 650, 653, 656]
[216, 220, 224, 228, 232, 236]
[184, 192, 200, 208, 216, 224]
[26, 28, 30, 32, 34, 36]
[201, 202, 204, 206, 208, 210]
[830, 838, 846, 854, 862, 870]
[445, 449, 453, 457, 461, 465]
[870, 880, 890, 900, 910, 920]
[452, 462, 471, 481, 491, 501]
[109, 114, 119, 125, 130, 135]
[415, 419, 423, 427, 431, 435]
[652, 661, 669, 678, 687, 696]
[220, 230, 240, 249, 259, 269]
[329, 333, 336, 340, 344, 348]
[419, 429, 439, 449, 459, 469]
[840, 843, 846, 849, 852, 855]
[667, 675, 684, 692, 700, 708]
[870, 873, 876, 879, 882, 885]
[393, 403, 413, 422, 432, 442]
[742, 746, 748, 751, 754, 757]
[101, 105, 110, 114, 118, 122]
[888, 897, 907, 917, 927, 937]
[682, 690, 699, 707, 715, 723]
[673, 677, 681, 685, 689, 693]
[687, 692, 696, 701, 706, 711]
[18, 22, 26, 31, 35, 39]
[894, 898, 902, 906, 910, 914]
[706, 714, 722, 730, 738, 746]
[650, 659, 669, 678, 687, 696]
[750, 755, 760, 765, 770, 775]
[829, 837, 844, 852, 860, 868]
[284, 291, 297, 304, 311, 318]
[20, 25, 30, 35, 40, 45]
[161, 169, 177, 185, 193, 201]
[732, 733, 735, 736, 737, 738]
[693, 700, 707, 714, 721, 728]
[854, 858, 859, 862, 864, 866]
[583, 588, 593, 598, 603, 608]
[53, 62, 71, 79, 88, 97]
[717, 724, 731, 738, 745, 752]
[497, 502, 508, 513, 518, 523]
[842, 847, 851, 855, 859, 863]
[500, 506, 510, 515, 520, 525]
[553, 559, 566, 573, 580, 587]
[334, 343, 352, 361, 370, 379]
[774, 781, 788, 795, 802, 809]
[705, 706, 707, 708, 709, 710]
[228, 231, 234, 237, 240, 243]
[496, 500, 504, 508, 512, 516]
[574, 582, 591, 599, 607, 615]
[259, 261, 263, 265, 267, 269]
[220, 223, 226, 228, 231, 234]
[135, 141, 147, 153, 159, 165]
[617, 622, 627, 632, 637, 642]
[119, 126, 132, 139, 145, 151]
[852, 855, 857, 859, 861, 863]
[607, 612, 617, 622, 627, 632]
[398, 403, 408, 413, 418, 423]
[358, 362, 367, 371, 375, 379]
[97, 106, 115, 124, 133, 142]
[865, 874, 883, 892, 901, 910]
[210, 217, 225, 232, 239, 246]
[372, 380, 388, 396, 404, 412]
[656, 664, 673, 681, 689, 697]
[12, 17, 22, 28, 33, 38]
[207, 209, 211, 214, 216, 218]
[636, 639, 642, 645, 648, 651]
[529, 534, 539, 544, 549, 554]
[441, 449, 458, 467, 476, 485]
[866, 871, 876, 880, 885, 890]
[455, 457, 459, 461, 463, 465]
[860, 870, 880, 891, 901, 911]
[402, 408, 414, 420, 426, 432]
[805, 810, 814, 819, 824, 829]
[825, 833, 842, 851, 860, 869]
[351, 360, 369, 378, 387, 396]
[846, 853, 861, 869, 877, 885]
[901, 907, 913, 919, 925, 931]
[83, 86, 89, 93, 96, 99]
[106, 108, 110, 112, 114, 116]
[856, 861, 866, 871, 876, 881]
[338, 345, 352, 359, 366, 373]
[493, 498, 503, 508, 513, 518]
[27, 35, 42, 50, 58, 66]
[239, 244, 249, 254, 259, 264]
[430, 436, 442, 448, 454, 460]
[204, 210, 216, 222, 228, 234]
[280, 290, 300, 310, 320, 330]
[373, 383, 393, 403, 413, 423]
[641, 648, 655, 662, 669, 676]
[667, 671, 675, 679, 683, 687]
[771, 781, 791, 801, 811, 821]
[169, 179, 189, 199, 209, 219]
[483, 493, 503, 513, 523, 533]
[410, 413, 416, 419, 422, 425]
[437, 438, 438, 438, 439, 440]
[92, 102, 112, 122, 132, 142]
[801, 811, 821, 831, 841, 851]
[257, 259, 261, 263, 265, 267]
[276, 285, 294, 304, 313, 322]
[303, 310, 317, 323, 330, 337]
[327, 337, 347, 357, 367, 377]
[495, 500, 505, 511, 516, 521]
[718, 724, 730, 736, 742, 748]
[31, 36, 41, 46, 51, 56]
[755, 757, 759, 762, 764, 766]
[843, 848, 853, 858, 863, 868]
[509, 517, 525, 533, 541, 549]
[730, 732, 734, 736, 738, 740]
[612, 618, 624, 630, 636, 642]
[615, 619, 622, 626, 630, 634]
[133, 134, 135, 136, 137, 138]
[811, 812, 813, 814, 815, 816]
[380, 389, 398, 407, 416, 425]
[686, 689, 692, 695, 698, 701]
[149, 158, 167, 176, 185, 194]
[155, 162, 168, 174, 180, 186]
[834, 837, 840, 843, 846, 849]
[555, 561, 568, 574, 580, 586]
[295, 305, 315, 324, 334, 344]
[432, 442, 452, 462, 472, 482]
[332, 335, 338, 341, 344, 347]
[559, 567, 575, 583, 591, 599]
[351, 358, 365, 372, 379, 386]
[613, 623, 633, 643, 653, 663]
[719, 723, 727, 731, 735, 739]
[721, 723, 725, 727, 729, 731]
[757, 762, 767, 772, 777, 782]
[437, 445, 452, 461, 469, 477]
[737, 740, 742, 745, 748, 751]
[387, 396, 405, 413, 422, 431]
[853, 854, 855, 856, 857, 858]
[526, 534, 542, 549, 557, 565]
[94, 104, 114, 124, 134, 144]
[38, 47, 56, 65, 74, 83]
[113, 116, 118, 119, 121, 123]
[572, 573, 574, 575, 576, 577]
[538, 541, 544, 547, 550, 553]
[707, 713, 719, 726, 732, 738]
[435, 445, 455, 465, 475, 485]
[44, 51, 58, 65, 72, 79]
[870, 877, 884, 892, 899, 906]
[581, 590, 597, 605, 613, 621]
[877, 884, 892, 900, 908, 916]
[590, 592, 594, 596, 598, 600]
[870, 872, 874, 876, 878, 880]
[647, 657, 666, 675, 684, 693]
[692, 695, 698, 701, 704, 707]
[626, 635, 644, 652, 661, 670]
[834, 844, 855, 865, 875, 885]
[297, 301, 306, 310, 314, 318]
[11, 13, 15, 17, 19, 21]
[301, 306, 311, 315, 320, 325]
[581, 590, 599, 608, 617, 626]
[549, 557, 565, 573, 581, 589]
[317, 321, 326, 331, 336, 341]
[6, 12, 18, 24, 30, 36]
[571, 573, 575, 577, 579, 581]
[201, 206, 211, 215, 220, 225]
[631, 632, 632, 633, 634, 635]
[652, 659, 666, 673, 680, 687]
[709, 714, 720, 725, 730, 735]
[338, 344, 350, 356, 362, 368]
[440, 441, 442, 444, 445, 446]
[131, 137, 144, 150, 156, 162]
[178, 184, 191, 197, 203, 209]
[694, 700, 707, 713, 720, 727]
[501, 505, 510, 515, 520, 525]
[441, 450, 460, 470, 480, 490]
[554, 556, 557, 559, 561, 563]
[713, 722, 731, 740, 749, 758]
[240, 244, 248, 252, 256, 260]
[842, 849, 857, 864, 871, 878]
[265, 275, 285, 295, 305, 315]
[274, 274, 275, 277, 278, 279]
[735, 744, 753, 762, 771, 780]
[98, 105, 112, 119, 126, 133]
[50, 58, 66, 74, 82, 90]
[471, 476, 481, 487, 492, 497]
[314, 315, 317, 319, 321, 323]
[317, 324, 331, 338, 345, 352]
[760, 766, 772, 778, 784, 790]
[450, 459, 468, 477, 486, 495]
[436, 438, 440, 441, 443, 445]
[605, 613, 621, 629, 637, 645]
[143, 148, 153, 157, 162, 167]
[21, 24, 27, 29, 32, 35]
[360, 362, 364, 366, 368, 370]
[614, 622, 630, 638, 646, 654]
[594, 602, 611, 619, 628, 637]
[44, 45, 46, 47, 48, 49]
[485, 486, 486, 486, 487, 488]
[64, 74, 84, 94, 104, 114]
[468, 468, 469, 469, 470, 471]
[782, 787, 792, 796, 801, 806]
[136, 142, 148, 154, 160, 166]
[214, 224, 234, 244, 254, 264]
[325, 326, 327, 328, 329, 330]
[693, 702, 711, 720, 729, 738]
[188, 190, 191, 193, 195, 197]
[88, 96, 104, 112, 120, 128]
[145, 154, 163, 172, 181, 190]
[132, 137, 142, 148, 153, 158]
[574, 580, 586, 592, 598, 604]
[808, 812, 816, 820, 824, 828]
[581, 582, 582, 583, 584, 585]
[143, 153, 163, 173, 183, 193]
[767, 768, 769, 770, 771, 772]
[334, 334, 335, 336, 337, 338]
[645, 651, 658, 664, 670, 676]
[306, 311, 316, 321, 326, 331]
[761, 769, 777, 785, 793, 801]
[806, 811, 816, 821, 826, 831]
[652, 658, 663, 669, 674, 679]
[46, 51, 56, 61, 66, 71]
[558, 564, 570, 576, 582, 588]
[788, 796, 804, 812, 820, 828]
[134, 142, 151, 160, 169, 178]
[161, 163, 165, 167, 169, 171]
[577, 579, 581, 583, 585, 587]
[71, 81, 91, 101, 111, 121]
[31, 35, 40, 44, 49, 54]
[599, 601, 602, 603, 604, 605]
[583, 584, 585, 586, 587, 588]
[336, 340, 344, 348, 352, 356]
[825, 834, 843, 852, 861, 870]
[202, 210, 218, 226, 234, 242]
[137, 143, 149, 156, 162, 168]
[597, 600, 603, 606, 609, 612]
[371, 376, 381, 386, 391, 396]
[701, 710, 718, 727, 736, 745]
[386, 390, 394, 398, 402, 406]
[555, 562, 569, 576, 583, 590]
[860, 867, 874, 881, 888, 895]
[239, 242, 245, 248, 251, 254]
[712, 718, 725, 731, 738, 745]
[194, 203, 212, 221, 230, 239]
[708, 711, 714, 717, 720, 723]
[262, 264, 266, 268, 270, 272]
[543, 546, 548, 551, 554, 557]
[272, 282, 292, 303, 313, 323]
[878, 887, 896, 905, 914, 923]
[59, 68, 77, 86, 95, 104]
[273, 274, 275, 276, 277, 278]
[30, 34, 38, 42, 46, 50]
[309, 316, 324, 332, 340, 348]
[32, 42, 52, 62, 72, 82]
[487, 489, 491, 493, 495, 497]
[472, 473, 473, 475, 476, 477]
[374, 380, 386, 392, 398, 404]
[892, 901, 911, 921, 931, 941]
[97, 102, 107, 112, 117, 122]
[33, 42, 51, 60, 69, 78]
[545, 555, 565, 576, 586, 596]
[242, 250, 258, 267, 275, 283]
[368, 371, 375, 379, 383, 387]
[654, 655, 657, 658, 659, 660]
[334, 336, 338, 341, 343, 345]
[641, 643, 645, 648, 650, 652]
[556, 566, 577, 587, 597, 607]
[589, 596, 602, 608, 614, 620]
[73, 80, 87, 94, 101, 108]
[497, 505, 513, 521, 529, 537]
[745, 747, 748, 750, 752, 754]
[114, 122, 130, 138, 146, 154]
[363, 368, 373, 378, 383, 388]
[653, 654, 655, 656, 657, 658]
[673, 675, 677, 679, 681, 683]
[306, 316, 327, 337, 347, 357]
[122, 125, 128, 131, 134, 137]
[336, 337, 338, 339, 340, 341]
[818, 821, 824, 827, 830, 833]
[427, 436, 445, 454, 463, 472]
[438, 442, 446, 449, 453, 457]
[852, 853, 854, 855, 856, 857]
[787, 796, 805, 814, 823, 832]
[503, 506, 510, 513, 516, 519]
[90, 97, 105, 112, 119, 126]
[49, 56, 63, 70, 77, 84]
[167, 175, 183, 191, 199, 207]
[202, 203, 204, 205, 206, 207]
[144, 149, 154, 159, 164, 169]
[574, 578, 583, 588, 593, 598]
[467, 475, 483, 491, 499, 507]
[68, 73, 78, 83, 88, 93]
[79, 84, 88, 92, 97, 102]
[577, 586, 595, 604, 613, 622]
[106, 107, 108, 108, 109, 110]
[445, 451, 457, 463, 469, 475]
[105, 108, 111, 114, 117, 120]
[770, 774, 778, 782, 786, 790]
[198, 202, 206, 210, 214, 218]
[732, 736, 740, 744, 748, 752]
[317, 324, 331, 337, 344, 351]
[162, 170, 178, 186, 194, 202]
[245, 248, 252, 256, 260, 264]
[99, 104, 110, 116, 122, 128]
[65, 68, 70, 73, 76, 79]
[715, 716, 717, 719, 720, 721]
[821, 822, 823, 825, 826, 827]
[36, 40, 45, 49, 53, 57]
[348, 349, 350, 351, 352, 353]
[540, 549, 558, 567, 576, 585]
[325, 327, 329, 331, 333, 335]
[717, 722, 727, 732, 737, 742]
[425, 433, 442, 451, 460, 469]
[852, 854, 855, 857, 859, 861]
[639, 649, 659, 669, 679, 689]
[42, 46, 50, 54, 58, 62]
[379, 381, 382, 383, 384, 385]
[558, 565, 572, 580, 587, 594]
[712, 721, 730, 739, 748, 757]
[828, 832, 836, 840, 844, 848]
[644, 647, 650, 653, 656, 659]
[269, 275, 281, 287, 293, 299]
[157, 165, 173, 181, 189, 197]
[613, 613, 614, 615, 616, 617]
[49, 50, 51, 52, 53, 54]
[450, 457, 464, 471, 478, 485]
[239, 245, 251, 257, 263, 269]
[484, 493, 501, 510, 519, 528]
[26, 34, 41, 47, 54, 61]
[297, 304, 311, 318, 325, 332]
[456, 463, 471, 478, 485, 492]
[769, 771, 773, 775, 777, 779]
[587, 596, 604, 612, 620, 628]
[164, 173, 183, 192, 201, 210]
[834, 844, 854, 864, 874, 884]
[310, 320, 331, 341, 351, 361]
[507, 516, 526, 535, 544, 553]
[451, 456, 461, 466, 471, 476]
[188, 194, 201, 207, 213, 219]
[178, 187, 195, 204, 213, 222]
[72, 77, 80, 84, 88, 92]
[878, 882, 886, 890, 894, 898]
[798, 804, 810, 816, 822, 828]
[589, 593, 597, 600, 604, 608]
[429, 430, 431, 432, 433, 434]
[611, 619, 627, 635, 643, 651]
[394, 399, 404, 410, 415, 420]
[61, 69, 78, 87, 96, 105]
[563, 572, 580, 588, 596, 604]
[342, 351, 360, 369, 378, 387]
[714, 723, 732, 742, 751, 760]
[809, 814, 819, 824, 829, 834]
[320, 322, 324, 325, 327, 329]
[10, 13, 16, 19, 22, 25]
[686, 688, 690, 692, 694, 696]
[555, 563, 571, 579, 587, 595]
[223, 229, 235, 240, 246, 252]
[519, 524, 528, 533, 538, 543]
[77, 79, 81, 83, 85, 87]
[71, 71, 72, 73, 74, 75]
[388, 397, 406, 416, 425, 434]
[779, 789, 799, 809, 819, 829]
[163, 166, 169, 172, 175, 178]
[842, 850, 858, 866, 874, 882]
[692, 694, 696, 698, 700, 702]
[707, 709, 710, 712, 714, 716]
[706, 712, 718, 724, 730, 736]
[810, 813, 816, 819, 822, 825]
[574, 583, 592, 601, 610, 619]
[892, 898, 903, 908, 913, 918]
[500, 505, 510, 515, 520, 525]
[162, 164, 166, 169, 171, 173]
[191, 198, 205, 212, 219, 226]
[592, 593, 593, 594, 595, 596]
[501, 507, 512, 517, 523, 529]
[387, 397, 408, 418, 428, 438]
[511, 520, 529, 538, 547, 556]
[424, 430, 436, 442, 448, 454]
[713, 714, 715, 716, 717, 718]
[839, 849, 859, 869, 879, 889]
[381, 382, 382, 383, 384, 385]
[270, 279, 289, 298, 307, 316]
[675, 685, 694, 704, 714, 724]
[148, 157, 167, 176, 185, 194]
[869, 876, 883, 889, 896, 903]
[703, 705, 707, 708, 710, 712]
[443, 448, 453, 459, 464, 469]
[633, 639, 645, 651, 657, 663]
[501, 506, 511, 516, 521, 526]
[168, 177, 186, 195, 204, 213]
[639, 646, 653, 660, 667, 674]
[772, 779, 786, 793, 800, 807]
[406, 413, 421, 428, 436, 444]
[417, 422, 426, 431, 435, 439]
[548, 554, 560, 566, 572, 578]
[147, 148, 149, 150, 151, 152]
[353, 357, 360, 363, 366, 369]
[96, 105, 114, 124, 133, 142]
[176, 178, 181, 183, 185, 187]
[653, 656, 659, 662, 665, 668]
[508, 510, 512, 514, 516, 518]
[552, 558, 564, 570, 576, 582]
[834, 843, 852, 861, 870, 879]
[546, 551, 556, 561, 566, 571]
[104, 109, 114, 119, 124, 129]
[882, 886, 890, 894, 898, 902]
[764, 767, 770, 773, 776, 779]
[632, 633, 634, 635, 636, 637]
[59, 63, 68, 73, 78, 83]
[699, 701, 703, 706, 708, 710]
[466, 476, 486, 496, 506, 516]
[672, 676, 680, 684, 688, 692]
[251, 253, 255, 257, 259, 261]
[115, 118, 121, 124, 127, 130]
[32, 41, 51, 61, 71, 81]
[266, 274, 283, 292, 301, 310]
[81, 84, 87, 90, 93, 96]
[332, 334, 335, 338, 340, 342]
[885, 892, 898, 905, 912, 919]
[62, 71, 80, 90, 99, 108]
[501, 511, 519, 528, 537, 546]
[808, 811, 814, 817, 820, 823]
[241, 249, 257, 265, 273, 281]
[388, 397, 406, 415, 424, 433]
[739, 747, 755, 764, 773, 782]
[418, 419, 420, 421, 422, 423]
[118, 120, 122, 124, 126, 128]
[770, 775, 781, 787, 793, 799]
[787, 797, 807, 817, 827, 837]
[706, 711, 716, 721, 726, 731]
[507, 512, 517, 522, 527, 532]
[559, 564, 568, 572, 576, 580]
[882, 885, 888, 891, 894, 897]
[622, 628, 635, 642, 649, 656]
[769, 776, 783, 790, 797, 804]
[498, 507, 516, 524, 533, 542]
[2, 5, 8, 11, 14, 17]
[319, 326, 332, 338, 344, 350]
[393, 394, 395, 396, 397, 398]
[837, 843, 849, 855, 861, 867]
[774, 780, 786, 792, 798, 804]
[160, 170, 180, 189, 199, 209]
[719, 720, 721, 722, 723, 724]
[729, 730, 731, 732, 733, 734]
[460, 467, 475, 482, 489, 496]
[448, 458, 468, 478, 488, 498]
[155, 164, 173, 182, 191, 200]
[100, 109, 118, 127, 136, 145]
[868, 871, 874, 876, 879, 882]
[365, 368, 371, 374, 377, 380]
[776, 781, 786, 792, 797, 802]
[585, 594, 603, 612, 621, 630]
[128, 132, 136, 140, 144, 148]
[75, 76, 78, 79, 80, 81]
[692, 700, 707, 714, 721, 728]
[42, 47, 53, 59, 65, 71]
[378, 380, 382, 384, 386, 388]
[760, 762, 764, 766, 768, 770]
[202, 210, 218, 227, 235, 243]
[173, 175, 177, 178, 180, 182]
[699, 707, 715, 723, 731, 739]
[529, 538, 548, 557, 566, 575]
[593, 601, 609, 617, 625, 633]
[587, 592, 596, 600, 604, 608]
[473, 474, 476, 478, 480, 482]
[427, 437, 447, 457, 467, 477]
[701, 709, 717, 725, 733, 741]
[128, 134, 141, 148, 155, 162]
[592, 595, 598, 599, 601, 603]
[277, 281, 285, 289, 293, 297]
[560, 565, 569, 574, 579, 584]
[365, 366, 367, 368, 369, 370]
[624, 626, 628, 630, 632, 634]
[549, 551, 552, 553, 554, 555]
[640, 641, 641, 642, 643, 644]
[810, 818, 826, 834, 842, 850]
[82, 87, 92, 97, 102, 107]
[132, 140, 148, 156, 164, 172]
[334, 342, 350, 358, 366, 374]
[196, 197, 198, 200, 201, 202]
[514, 516, 518, 520, 522, 524]
[327, 332, 337, 342, 347, 352]
[88, 91, 93, 96, 99, 102]
[257, 267, 277, 286, 296, 306]
[242, 243, 244, 245, 246, 247]
[445, 450, 455, 460, 465, 470]
[147, 155, 163, 171, 179, 187]
[720, 730, 740, 750, 760, 770]
[690, 691, 692, 693, 694, 695]
[822, 826, 830, 834, 838, 842]
[357, 367, 377, 387, 397, 407]
[739, 748, 757, 766, 775, 784]
[542, 551, 560, 569, 578, 587]
[394, 396, 398, 400, 402, 404]
[749, 751, 753, 755, 757, 759]
[266, 275, 284, 293, 302, 311]
[230, 238, 246, 254, 262, 270]
[630, 633, 636, 639, 642, 645]
[204, 211, 218, 225, 232, 239]
[125, 131, 138, 143, 149, 155]
[446, 451, 455, 460, 465, 470]
[809, 818, 827, 836, 845, 854]
[833, 839, 846, 853, 860, 867]
[203, 205, 207, 209, 211, 213]
[194, 195, 196, 197, 198, 199]
[728, 732, 736, 740, 744, 748]
[580, 584, 588, 593, 597, 601]
[241, 247, 253, 259, 265, 271]
[424, 434, 443, 453, 463, 473]
[755, 764, 774, 784, 794, 804]
[512, 514, 516, 518, 520, 522]
[438, 441, 444, 446, 449, 452]
[113, 118, 123, 128, 133, 138]
[683, 692, 701, 710, 719, 728]
[757, 766, 775, 784, 793, 802]
[233, 235, 238, 241, 244, 247]
[536, 541, 546, 551, 556, 561]
[649, 654, 659, 665, 670, 675]
[198, 208, 218, 227, 237, 247]
[544, 547, 550, 553, 556, 559]
[287, 291, 295, 299, 303, 307]
[234, 242, 250, 258, 266, 274]
[160, 163, 166, 169, 172, 175]
[401, 405, 409, 413, 417, 421]
[739, 745, 751, 757, 763, 769]
[873, 878, 883, 888, 893, 898]
[787, 788, 789, 789, 790, 791]
[361, 371, 380, 389, 398, 407]
[846, 847, 849, 851, 853, 855]
[16, 19, 21, 25, 28, 31]
[598, 607, 616, 624, 633, 642]
[237, 241, 243, 245, 248, 251]
[120, 126, 130, 136, 142, 148]
[24, 29, 34, 39, 44, 49]
[733, 738, 744, 749, 754, 759]
[280, 288, 297, 306, 315, 324]
[558, 567, 576, 585, 594, 603]
[152, 159, 166, 173, 180, 187]
[348, 354, 360, 366, 372, 378]
[457, 467, 477, 487, 497, 507]
[71, 79, 88, 97, 106, 115]
[56, 57, 58, 59, 60, 61]
[644, 648, 652, 657, 661, 665]
[212, 218, 224, 230, 236, 242]
[168, 173, 178, 184, 190, 196]
[882, 889, 896, 903, 910, 917]
[126, 131, 136, 141, 146, 151]
[235, 241, 247, 253, 259, 265]
[208, 210, 212, 214, 216, 218]
[777, 781, 785, 789, 793, 797]
[243, 249, 255, 261, 267, 273]
[217, 221, 225, 229, 233, 237]
[203, 204, 205, 206, 207, 208]
[233, 234, 234, 235, 236, 237]
[105, 106, 107, 108, 109, 110]
[523, 531, 539, 547, 555, 563]
[864, 868, 872, 876, 880, 884]
[470, 478, 486, 494, 502, 510]
[460, 461, 462, 463, 464, 465]
[146, 150, 155, 160, 165, 170]
[446, 450, 454, 458, 462, 466]
[461, 462, 463, 464, 465, 466]
[84, 86, 88, 90, 92, 94]
[627, 629, 631, 633, 635, 637]
[554, 560, 566, 572, 578, 584]
[240, 245, 250, 255, 260, 265]
[614, 615, 616, 617, 618, 619]
[46, 54, 62, 70, 78, 86]
[257, 261, 264, 267, 271, 275]
[406, 414, 422, 430, 438, 446]
[822, 830, 838, 846, 854, 862]
[485, 487, 488, 489, 490, 491]
[25, 35, 45, 55, 65, 75]
[221, 223, 224, 226, 228, 230]
[655, 656, 658, 660, 662, 664]
[144, 150, 155, 159, 164, 169]
[251, 260, 269, 278, 287, 296]
[51, 56, 62, 68, 74, 80]
[124, 135, 145, 154, 164, 174]
[537, 546, 555, 564, 573, 582]
[334, 340, 346, 352, 358, 364]
[676, 682, 688, 694, 700, 706]
[491, 492, 494, 494, 495, 496]
[560, 561, 563, 564, 566, 568]
[245, 251, 257, 264, 270, 276]
[34, 41, 48, 55, 62, 69]
[779, 780, 781, 782, 783, 784]
[715, 716, 717, 718, 719, 720]
[278, 287, 296, 306, 315, 324]
[58, 63, 68, 73, 78, 83]
[760, 761, 762, 763, 764, 765]
[153, 157, 162, 166, 170, 174]
[885, 886, 887, 888, 889, 890]
[134, 142, 150, 158, 166, 174]
[760, 768, 776, 784, 792, 800]
[852, 857, 862, 867, 872, 877]
[215, 217, 219, 221, 223, 225]
[482, 485, 488, 491, 494, 497]
[271, 273, 275, 277, 279, 281]
[546, 555, 563, 571, 579, 587]
[770, 778, 786, 794, 802, 810]
[418, 425, 432, 439, 446, 453]
[268, 275, 282, 289, 296, 303]
[129, 137, 146, 154, 163, 172]
[567, 575, 582, 590, 598, 606]
[711, 721, 731, 741, 751, 761]
[680, 686, 691, 696, 701, 706]
[70, 71, 72, 73, 74, 75]
[504, 509, 514, 519, 524, 529]
[307, 316, 325, 334, 343, 352]
[96, 103, 111, 119, 127, 135]
[421, 430, 439, 448, 457, 466]
[453, 461, 469, 477, 485, 493]
[396, 400, 404, 408, 412, 416]
[817, 819, 821, 823, 825, 827]
[237, 242, 248, 254, 260, 266]
[885, 887, 889, 891, 893, 895]
[606, 607, 608, 608, 609, 610]
[61, 68, 75, 82, 89, 96]
[884, 887, 889, 891, 893, 895]
[468, 471, 475, 478, 481, 484]
[74, 83, 91, 100, 109, 118]
[387, 392, 397, 403, 408, 413]
[833, 838, 842, 846, 851, 856]
[165, 172, 180, 188, 196, 204]
[829, 837, 845, 853, 861, 869]
[266, 276, 286, 296, 306, 316]
[46, 56, 66, 76, 86, 96]
[699, 701, 704, 707, 710, 713]
[308, 311, 314, 317, 320, 323]
[296, 298, 300, 301, 303, 305]
[149, 157, 165, 173, 181, 189]
[826, 831, 837, 842, 847, 852]
[885, 888, 891, 895, 898, 901]
[473, 476, 479, 482, 485, 488]
[44, 51, 58, 66, 73, 80]
[655, 658, 660, 663, 666, 669]
[205, 206, 207, 207, 208, 209]
[695, 696, 697, 698, 699, 700]
[572, 574, 576, 578, 580, 582]
[792, 798, 803, 809, 815, 821]
[763, 770, 777, 784, 791, 798]
[793, 799, 804, 809, 814, 819]
[51, 54, 57, 60, 63, 66]
[213, 215, 216, 218, 220, 222]
[820, 825, 831, 837, 843, 849]
[299, 306, 313, 319, 326, 333]
[645, 655, 665, 676, 686, 696]
[2, 11, 19, 27, 35, 43]
[795, 797, 801, 804, 807, 810]
[473, 478, 482, 487, 492, 497]
[598, 599, 599, 600, 601, 602]
[185, 186, 187, 188, 189, 190]
[67, 74, 81, 88, 95, 102]
[700, 706, 712, 718, 724, 730]
[549, 551, 553, 556, 558, 560]
[826, 827, 829, 831, 833, 835]
[398, 406, 414, 422, 430, 438]
[367, 372, 377, 382, 387, 392]
[383, 391, 399, 407, 415, 423]
[175, 178, 182, 186, 190, 194]
[803, 811, 820, 829, 838, 847]
[249, 255, 262, 268, 274, 280]
[441, 448, 455, 462, 469, 476]
[46, 54, 61, 68, 75, 82]
[476, 487, 497, 507, 517, 527]
[60, 68, 76, 84, 92, 100]
[245, 254, 263, 272, 281, 290]
[118, 121, 124, 126, 129, 132]
[547, 555, 563, 571, 579, 587]
[154, 161, 168, 175, 182, 189]
[413, 416, 419, 422, 425, 428]
[282, 285, 288, 292, 295, 298]
[742, 752, 762, 772, 782, 792]
[114, 123, 132, 141, 150, 159]
[703, 705, 708, 710, 712, 714]
[244, 253, 262, 271, 280, 289]
[210, 214, 218, 222, 226, 230]
[549, 552, 556, 560, 564, 568]
[774, 778, 782, 786, 790, 794]
[273, 278, 283, 288, 293, 298]
[582, 592, 602, 612, 622, 632]
[472, 475, 478, 482, 485, 488]
[419, 426, 433, 440, 447, 454]
[393, 396, 399, 402, 405, 408]
[118, 122, 126, 130, 134, 138]
[55, 63, 71, 78, 86, 94]
[173, 177, 180, 184, 188, 192]
[713, 721, 729, 737, 745, 753]
[656, 666, 676, 686, 696, 706]
[411, 419, 427, 435, 443, 451]
[411, 420, 429, 438, 447, 456]
[595, 605, 616, 626, 636, 646]
[356, 358, 361, 363, 365, 367]
[273, 283, 293, 303, 313, 323]
[18, 26, 34, 42, 50, 58]
[821, 825, 829, 833, 837, 841]
[153, 162, 171, 180, 189, 198]
[67, 70, 73, 76, 79, 82]
[630, 638, 646, 654, 662, 670]
[644, 648, 653, 658, 663, 668]
[654, 656, 659, 661, 663, 665]
[557, 562, 566, 571, 576, 581]
[27, 37, 47, 57, 67, 77]
[262, 268, 274, 281, 287, 293]
[164, 174, 184, 194, 204, 214]
[580, 590, 600, 610, 620, 630]
[642, 650, 658, 666, 674, 682]
[511, 519, 527, 535, 543, 551]
[604, 605, 606, 606, 607, 608]
[537, 543, 549, 555, 561, 567]
[509, 511, 513, 515, 517, 519]
[46, 50, 54, 58, 62, 66]
[634, 635, 636, 637, 638, 639]
[352, 362, 372, 382, 392, 402]
[62, 66, 70, 74, 78, 82]
[386, 394, 402, 410, 418, 426]
[104, 111, 117, 123, 129, 135]
[590, 597, 604, 611, 618, 625]
[212, 217, 222, 227, 232, 237]
[272, 276, 280, 284, 288, 292]
[168, 173, 178, 183, 188, 193]
[795, 799, 803, 807, 811, 815]
[778, 780, 782, 784, 786, 788]
[686, 690, 694, 698, 702, 706]
[9, 18, 27, 36, 45, 54]
[614, 622, 628, 635, 642, 649]
[527, 532, 537, 543, 548, 553]
[649, 650, 651, 652, 653, 654]
[373, 374, 375, 376, 377, 378]
[586, 588, 590, 592, 594, 596]
[590, 598, 607, 616, 625, 634]
[847, 849, 851, 853, 855, 857]
[526, 534, 542, 550, 558, 566]
[595, 604, 613, 622, 631, 640]
[198, 206, 214, 222, 230, 238]
[807, 810, 813, 816, 819, 822]
[179, 181, 183, 185, 187, 189]
[819, 824, 829, 834, 839, 844]
[600, 601, 602, 603, 604, 605]
[197, 207, 217, 227, 237, 247]
[703, 709, 714, 721, 727, 733]
[64, 69, 75, 81, 87, 93]
[821, 831, 841, 851, 861, 871]
[664, 668, 672, 676, 680, 684]
[409, 418, 427, 436, 445, 454]
[196, 200, 203, 206, 210, 214]
[326, 328, 330, 332, 334, 336]
[841, 847, 853, 859, 865, 871]
[510, 518, 527, 536, 545, 554]
[628, 638, 648, 658, 668, 678]
[576, 577, 578, 579, 580, 581]
[812, 816, 820, 824, 828, 832]
[491, 494, 496, 499, 502, 505]
[780, 788, 796, 804, 812, 820]
[761, 765, 769, 773, 777, 781]
[223, 226, 228, 230, 232, 234]
[514, 519, 524, 529, 534, 539]
[125, 128, 132, 135, 138, 141]
[349, 355, 361, 367, 373, 379]
[25, 28, 31, 33, 36, 39]
[279, 285, 291, 298, 304, 310]
[586, 597, 607, 617, 627, 637]
[573, 579, 585, 591, 597, 603]
[218, 227, 236, 245, 254, 263]
[27, 35, 43, 51, 59, 67]
[676, 685, 695, 704, 713, 722]
[587, 597, 607, 616, 626, 636]
[890, 897, 903, 909, 915, 921]
[727, 737, 747, 756, 766, 776]
[290, 297, 304, 311, 318, 325]
[238, 241, 245, 249, 253, 257]
[61, 62, 63, 64, 65, 66]
[379, 388, 396, 405, 414, 423]
[566, 570, 574, 578, 582, 586]
[309, 311, 312, 313, 314, 315]
[763, 770, 778, 786, 794, 802]
[125, 135, 145, 155, 165, 175]
[466, 470, 476, 481, 486, 491]
[418, 425, 431, 437, 444, 451]
[857, 863, 869, 875, 881, 887]
[608, 618, 628, 638, 648, 658]
[532, 536, 540, 544, 548, 552]
[382, 385, 388, 391, 394, 397]
[211, 221, 231, 240, 250, 260]
[576, 578, 580, 582, 584, 586]
[195, 200, 205, 211, 216, 221]
[233, 234, 235, 237, 238, 239]
[400, 404, 408, 412, 416, 420]
[8, 17, 26, 33, 42, 51]
[368, 372, 376, 380, 384, 388]
[638, 647, 656, 665, 674, 683]
[754, 761, 768, 775, 782, 789]
[503, 507, 511, 515, 519, 523]
[395, 397, 399, 401, 403, 405]
[666, 673, 680, 687, 694, 701]
[18, 23, 28, 33, 38, 43]
[227, 234, 241, 247, 254, 261]
[711, 719, 728, 736, 744, 752]
[25, 31, 37, 43, 49, 55]
[665, 667, 669, 671, 673, 675]
[179, 185, 191, 197, 203, 209]
[846, 852, 858, 864, 870, 876]
[291, 299, 308, 315, 323, 331]
[411, 413, 415, 417, 419, 421]
[15, 24, 33, 43, 52, 61]
[694, 700, 706, 712, 718, 724]
[477, 481, 484, 488, 491, 494]
[630, 636, 642, 648, 654, 660]
[879, 888, 896, 905, 914, 923]
[156, 164, 173, 182, 191, 200]
[90, 99, 107, 115, 123, 131]
[260, 269, 278, 287, 296, 305]
[148, 152, 156, 160, 164, 168]
[801, 805, 809, 813, 817, 821]
[70, 73, 76, 79, 82, 85]
[175, 181, 186, 192, 198, 204]
[638, 648, 657, 667, 677, 687]
[794, 800, 806, 812, 818, 824]
[104, 108, 112, 116, 120, 124]
[489, 494, 500, 505, 510, 515]
[306, 314, 322, 330, 338, 346]
[371, 381, 392, 402, 412, 422]
[752, 762, 772, 782, 792, 802]
[304, 314, 324, 334, 344, 354]
[149, 152, 155, 158, 161, 164]
[734, 736, 739, 742, 744, 746]
[482, 490, 498, 506, 514, 522]
[178, 183, 188, 192, 197, 202]
[70, 79, 88, 98, 108, 118]
[767, 775, 783, 791, 799, 807]
[534, 541, 548, 555, 562, 569]
[79, 80, 81, 82, 83, 84]
[812, 813, 814, 815, 816, 817]
[255, 263, 271, 280, 288, 296]
[160, 164, 168, 171, 174, 177]
[541, 545, 549, 552, 556, 560]
[895, 897, 899, 901, 903, 905]
[124, 134, 144, 154, 164, 174]
[276, 279, 283, 288, 292, 296]
[337, 339, 341, 343, 345, 347]
[293, 301, 309, 317, 325, 333]
[469, 479, 489, 500, 510, 520]
[878, 879, 880, 882, 883, 884]
[56, 60, 64, 68, 72, 76]
[565, 574, 583, 592, 601, 610]
[243, 248, 253, 258, 263, 268]
[368, 375, 383, 391, 399, 407]
[860, 868, 876, 884, 892, 900]
[98, 104, 110, 117, 123, 129]
[318, 328, 338, 348, 358, 368]
[594, 596, 598, 600, 602, 604]
[397, 406, 415, 424, 433, 442]
[790, 793, 796, 799, 802, 805]
[817, 824, 830, 836, 842, 848]
[373, 378, 383, 388, 393, 398]
[42, 43, 44, 45, 46, 47]
[620, 626, 632, 638, 644, 650]
[55, 61, 67, 74, 80, 86]
[441, 444, 447, 449, 452, 455]
[514, 515, 516, 517, 518, 519]
[807, 817, 827, 837, 847, 857]
[138, 144, 150, 156, 162, 168]
[618, 628, 637, 647, 657, 667]
[769, 777, 785, 793, 801, 809]
[842, 845, 848, 851, 854, 857]
[530, 533, 537, 540, 543, 546]
[339, 342, 344, 348, 350, 352]
[899, 900, 902, 904, 906, 908]
[87, 92, 98, 104, 110, 116]
[807, 814, 821, 828, 835, 842]
[860, 865, 871, 876, 881, 886]
[137, 145, 153, 160, 168, 176]
[814, 823, 832, 841, 850, 859]
[373, 376, 379, 382, 385, 388]
[417, 420, 423, 426, 429, 432]
[201, 204, 207, 210, 213, 216]
[406, 416, 426, 435, 444, 453]
[743, 745, 747, 749, 751, 753]
[733, 738, 742, 748, 753, 758]
[14, 16, 18, 19, 21, 23]
[739, 748, 757, 765, 773, 781]
[561, 564, 568, 571, 574, 577]
[810, 818, 827, 835, 843, 851]
[385, 394, 402, 411, 420, 429]
[870, 877, 885, 892, 899, 906]
[537, 543, 548, 553, 558, 563]
[634, 637, 640, 643, 646, 649]
[215, 218, 220, 223, 226, 229]
[470, 472, 473, 474, 476, 478]
[405, 408, 413, 417, 421, 425]
[797, 806, 815, 824, 833, 842]
[333, 337, 341, 345, 349, 353]
[459, 462, 465, 469, 472, 475]
[421, 426, 431, 436, 441, 446]
[628, 634, 640, 646, 652, 658]
[886, 891, 896, 901, 906, 911]
[182, 183, 184, 185, 186, 187]
[481, 491, 501, 511, 521, 531]
[756, 763, 771, 778, 785, 792]
[176, 184, 192, 200, 208, 216]
[493, 501, 509, 517, 525, 533]
[612, 617, 622, 627, 632, 637]
[173, 182, 191, 200, 209, 218]
[207, 208, 208, 209, 210, 211]
[167, 177, 187, 196, 206, 216]
[769, 772, 774, 777, 780, 783]
[756, 766, 776, 786, 796, 806]
[588, 590, 592, 594, 596, 598]
[136, 137, 138, 139, 140, 141]
[518, 525, 532, 539, 546, 553]
[600, 602, 604, 606, 608, 610]
[187, 195, 203, 210, 218, 226]
[136, 143, 150, 157, 164, 171]
[564, 572, 580, 588, 596, 604]
[225, 228, 231, 233, 236, 239]
[408, 417, 426, 435, 444, 453]
[581, 588, 596, 603, 610, 617]
[711, 715, 718, 722, 726, 730]
[426, 436, 445, 454, 463, 472]
[196, 202, 208, 214, 220, 226]
[133, 139, 146, 153, 160, 167]
[344, 351, 358, 365, 372, 379]
[759, 767, 775, 783, 791, 799]
[673, 680, 687, 694, 701, 708]
[453, 455, 458, 460, 463, 466]
[547, 550, 553, 556, 559, 562]
[600, 609, 618, 627, 636, 645]
[796, 798, 800, 802, 804, 806]
[370, 372, 374, 376, 378, 380]
[701, 709, 717, 724, 732, 740]
[246, 256, 266, 276, 286, 296]
[233, 240, 246, 252, 258, 264]
[207, 210, 214, 218, 222, 226]
[508, 516, 524, 532, 540, 548]
[641, 649, 657, 664, 672, 680]
[824, 833, 842, 851, 860, 869]
[295, 299, 303, 307, 311, 315]
[759, 762, 765, 768, 771, 774]
[324, 332, 340, 349, 357, 365]
[283, 290, 297, 303, 310, 317]
[759, 762, 764, 767, 770, 773]
[636, 643, 649, 655, 661, 667]
[462, 463, 464, 465, 466, 467]
[681, 686, 691, 696, 701, 706]
[78, 87, 96, 105, 114, 123]
[601, 603, 605, 607, 609, 611]
[559, 565, 572, 577, 583, 589]
[110, 111, 112, 113, 114, 115]
[86, 89, 92, 95, 98, 101]
[470, 480, 490, 500, 510, 520]
[137, 146, 155, 164, 173, 182]
[379, 382, 385, 389, 392, 395]
[896, 904, 912, 921, 929, 937]
[14, 22, 30, 38, 46, 54]
[524, 530, 535, 542, 548, 554]
[463, 466, 469, 472, 475, 478]
[467, 477, 487, 497, 507, 517]
[389, 392, 395, 398, 401, 404]
[520, 528, 536, 545, 553, 561]
[86, 93, 100, 107, 114, 121]
[73, 76, 78, 80, 82, 84]
[569, 577, 585, 593, 601, 609]
[272, 278, 284, 290, 296, 302]
[220, 229, 238, 247, 256, 265]
[11, 17, 23, 29, 35, 41]
[138, 141, 144, 147, 150, 153]
[433, 439, 444, 449, 454, 459]
[107, 112, 116, 121, 126, 131]
[15, 20, 25, 30, 35, 40]
[600, 606, 613, 619, 625, 631]
[138, 140, 143, 146, 149, 152]
[433, 440, 447, 453, 460, 467]
[885, 893, 900, 908, 916, 924]
[520, 522, 525, 528, 531, 534]
[739, 740, 741, 742, 743, 744]
[524, 534, 544, 554, 564, 574]
[785, 792, 800, 807, 814, 821]
[428, 431, 433, 436, 439, 442]
[776, 779, 782, 785, 788, 791]
[662, 671, 680, 689, 698, 707]
[870, 879, 888, 897, 906, 915]
[421, 425, 428, 431, 434, 437]
[271, 279, 287, 296, 304, 312]
[359, 370, 380, 390, 400, 410]
[792, 797, 802, 807, 812, 817]
[257, 262, 268, 274, 280, 286]
[68, 74, 80, 85, 91, 97]
[48, 54, 60, 66, 72, 78]
[161, 164, 167, 170, 173, 176]
[703, 711, 718, 726, 734, 742]
[242, 245, 248, 252, 255, 258]
[853, 859, 865, 871, 877, 883]
[419, 420, 421, 422, 423, 424]
[877, 883, 889, 895, 901, 907]
[25, 26, 27, 28, 29, 30]
[278, 284, 290, 296, 302, 308]
[510, 520, 530, 541, 551, 561]
[477, 478, 479, 481, 482, 483]
[305, 313, 321, 329, 337, 345]
[7, 14, 21, 28, 35, 42]
[541, 543, 546, 548, 550, 552]
[111, 120, 129, 138, 147, 156]
[401, 403, 405, 407, 409, 411]
[288, 289, 290, 290, 291, 292]
[344, 352, 361, 368, 376, 384]
[636, 645, 654, 663, 672, 681]
[571, 576, 581, 586, 591, 596]
[650, 651, 652, 653, 654, 655]
[10, 20, 30, 40, 50, 60]
[863, 869, 875, 881, 887, 893]
[6, 7, 9, 11, 13, 15]
[827, 830, 833, 836, 839, 842]
[775, 778, 782, 785, 788, 791]
[872, 877, 881, 885, 889, 893]
[218, 224, 230, 236, 242, 248]
[275, 282, 289, 297, 304, 311]
[429, 438, 447, 455, 464, 473]
[74, 78, 82, 86, 90, 94]
[257, 258, 259, 259, 260, 261]
[329, 335, 341, 347, 353, 359]
[213, 218, 223, 228, 233, 238]
[420, 422, 424, 426, 428, 430]
[877, 885, 893, 901, 909, 917]
[551, 558, 565, 572, 579, 586]
[551, 554, 557, 559, 562, 565]
[212, 215, 218, 221, 224, 227]
[568, 575, 582, 589, 596, 603]
[359, 369, 379, 389, 399, 409]
[831, 840, 849, 858, 867, 876]
[78, 83, 89, 95, 101, 107]
[208, 213, 218, 223, 228, 233]
[171, 179, 187, 195, 203, 211]
[535, 544, 553, 562, 571, 580]
[710, 713, 716, 719, 722, 725]
[136, 143, 149, 155, 161, 167]
[7, 12, 16, 20, 24, 28]
[371, 381, 391, 401, 411, 421]
[72, 74, 76, 78, 80, 82]
[43, 50, 57, 65, 72, 79]
[815, 818, 821, 824, 827, 830]
[346, 351, 356, 361, 366, 371]
[745, 747, 749, 751, 753, 755]
[441, 452, 462, 472, 482, 492]
[723, 733, 743, 753, 763, 773]
[203, 212, 221, 230, 239, 248]
[517, 524, 530, 536, 542, 548]
[143, 149, 155, 161, 167, 173]
[521, 525, 529, 533, 537, 541]
[444, 450, 456, 462, 468, 474]
[463, 468, 473, 478, 483, 488]
[325, 334, 344, 354, 364, 374]
[423, 426, 429, 432, 435, 438]
[454, 462, 470, 479, 487, 495]
[371, 377, 383, 389, 395, 401]
[427, 431, 435, 439, 443, 447]
[524, 525, 526, 527, 528, 529]
[892, 898, 904, 911, 917, 923]
[323, 327, 331, 335, 339, 343]
[695, 702, 709, 716, 723, 730]
[29, 38, 47, 56, 65, 74]
[748, 753, 757, 762, 767, 772]
[224, 225, 227, 228, 229, 230]
[229, 234, 239, 244, 249, 254]
[675, 682, 689, 696, 703, 710]
[87, 95, 103, 111, 119, 127]
[680, 684, 688, 692, 696, 700]
[297, 304, 311, 319, 326, 333]
[345, 350, 355, 359, 364, 369]
[782, 783, 784, 784, 785, 786]
[705, 715, 726, 736, 746, 756]
[23, 31, 39, 48, 56, 64]
[622, 630, 637, 644, 651, 658]
[216, 225, 234, 243, 252, 261]
[34, 44, 54, 64, 74, 84]
[572, 574, 577, 580, 583, 586]
[441, 450, 458, 466, 474, 482]
[62, 70, 78, 86, 94, 102]
[300, 303, 306, 309, 312, 315]
[55, 63, 71, 79, 87, 95]
[739, 746, 752, 758, 764, 770]
[619, 624, 629, 634, 639, 644]
[827, 835, 843, 851, 859, 867]
[638, 642, 646, 651, 656, 661]
[544, 553, 562, 571, 580, 589]
[832, 837, 842, 847, 852, 857]
[274, 282, 290, 298, 306, 314]
[805, 814, 823, 832, 841, 850]
[228, 230, 232, 234, 236, 238]
[667, 669, 671, 673, 675, 677]
[115, 116, 117, 117, 118, 119]
[416, 424, 432, 440, 448, 456]
[481, 489, 496, 503, 510, 517]
[789, 792, 795, 798, 801, 804]
[343, 346, 349, 352, 355, 358]
[659, 667, 675, 683, 691, 699]
[176, 181, 186, 191, 196, 201]
[548, 552, 557, 562, 567, 572]
[212, 222, 232, 242, 252, 262]
[560, 564, 568, 572, 576, 580]
[208, 214, 220, 226, 232, 238]
[535, 539, 543, 547, 551, 555]
[684, 694, 704, 714, 724, 734]
[579, 587, 595, 603, 611, 619]
[486, 495, 503, 511, 519, 527]
[77, 83, 88, 94, 100, 106]
[254, 263, 272, 282, 291, 300]
[327, 331, 335, 339, 343, 347]
[326, 334, 341, 349, 357, 365]
[490, 491, 493, 495, 497, 499]
[273, 280, 287, 294, 301, 308]
[780, 786, 791, 796, 801, 806]
[892, 896, 900, 903, 907, 911]
[389, 393, 397, 401, 405, 409]
[224, 225, 226, 227, 228, 229]
[379, 379, 380, 381, 382, 383]
[204, 213, 223, 232, 241, 250]
[508, 511, 514, 517, 520, 523]
[667, 672, 677, 682, 687, 692]
[399, 405, 411, 417, 423, 429]
[177, 186, 195, 204, 213, 222]
[307, 315, 324, 333, 342, 351]
[167, 170, 173, 176, 179, 182]
[362, 371, 380, 389, 398, 407]
[552, 552, 552, 553, 554, 555]
[403, 413, 423, 433, 443, 453]
[761, 767, 773, 779, 785, 791]
[455, 458, 461, 464, 467, 470]
[837, 841, 845, 849, 853, 857]
[103, 107, 111, 115, 119, 123]
[479, 488, 497, 507, 516, 525]
[566, 567, 569, 570, 571, 572]
[208, 215, 222, 229, 236, 243]
[522, 532, 542, 552, 562, 572]
[86, 89, 91, 94, 97, 100]
[522, 530, 537, 545, 553, 561]
[120, 126, 132, 138, 144, 150]
[434, 439, 444, 449, 454, 459]
[550, 553, 556, 559, 562, 565]
[258, 262, 265, 269, 272, 275]
[277, 283, 289, 295, 301, 307]
[573, 577, 582, 586, 590, 594]
[619, 627, 635, 643, 651, 659]
[849, 855, 861, 867, 873, 879]
[311, 316, 321, 327, 332, 337]
[213, 217, 221, 225, 229, 233]
[433, 443, 453, 464, 474, 484]
[573, 574, 575, 576, 577, 578]
[760, 769, 778, 787, 796, 805]
[720, 722, 724, 726, 728, 730]
[847, 855, 864, 872, 880, 888]
[571, 572, 573, 574, 575, 576]
[425, 429, 433, 437, 441, 445]
[9, 13, 17, 21, 25, 29]
[696, 697, 699, 701, 702, 703]
[336, 338, 339, 339, 340, 341]
[600, 606, 612, 618, 624, 630]
[489, 497, 505, 514, 522, 530]
[206, 208, 210, 211, 213, 215]
[100, 106, 112, 118, 124, 130]
[48, 51, 54, 57, 60, 63]
[783, 790, 796, 802, 808, 814]
[867, 876, 886, 896, 906, 916]
[174, 183, 192, 201, 210, 219]
[157, 162, 168, 173, 179, 185]
[263, 266, 269, 272, 275, 278]
[33, 39, 45, 51, 57, 63]
[234, 241, 248, 255, 262, 269]
[726, 734, 742, 750, 758, 766]
[795, 802, 809, 816, 823, 830]
[91, 94, 97, 100, 103, 106]
[254, 256, 258, 259, 261, 263]
[499, 504, 509, 514, 519, 524]
[502, 513, 522, 532, 542, 552]
[11, 20, 28, 37, 46, 55]
[560, 569, 578, 587, 596, 605]
[743, 750, 757, 764, 771, 778]
[10, 11, 13, 15, 17, 19]
[879, 885, 892, 898, 904, 910]
[593, 597, 601, 605, 609, 613]
[541, 544, 547, 550, 553, 556]
[631, 640, 648, 656, 664, 672]
[270, 277, 283, 289, 295, 301]
[723, 727, 731, 735, 739, 743]
[529, 538, 547, 556, 565, 574]
[834, 841, 848, 855, 862, 869]
[144, 154, 165, 175, 185, 195]
[531, 533, 535, 537, 539, 541]
[89, 95, 99, 104, 109, 114]
[825, 833, 841, 849, 857, 865]
[849, 859, 869, 879, 889, 899]
[593, 603, 613, 623, 633, 643]
[461, 467, 474, 482, 489, 496]
[299, 301, 303, 305, 307, 309]
[93, 102, 111, 120, 129, 138]
[562, 572, 582, 592, 602, 612]
[132, 142, 152, 162, 172, 182]
[874, 878, 882, 886, 890, 894]
[8, 9, 9, 10, 11, 12]
[781, 787, 793, 799, 805, 811]
[56, 60, 63, 66, 69, 72]
[502, 507, 512, 517, 522, 527]
[617, 625, 633, 642, 650, 658]
[348, 350, 351, 352, 353, 354]
[568, 571, 574, 578, 581, 584]
[171, 176, 180, 184, 188, 192]
[621, 631, 641, 651, 661, 671]
[300, 310, 320, 330, 340, 350]
[156, 157, 158, 159, 160, 161]
[847, 848, 849, 850, 851, 852]
[59, 67, 75, 83, 91, 99]
[871, 875, 878, 880, 883, 886]
[454, 460, 466, 472, 478, 484]
[674, 680, 687, 694, 701, 708]
[684, 691, 698, 705, 712, 719]
[100, 106, 111, 117, 123, 129]
[852, 859, 866, 873, 880, 887]
[829, 833, 837, 841, 845, 849]
[885, 893, 901, 909, 917, 925]
[819, 819, 820, 822, 823, 824]
[71, 76, 81, 84, 89, 94]
[106, 111, 116, 123, 129, 135]
[329, 339, 349, 358, 368, 378]
[714, 724, 734, 744, 754, 764]
[399, 400, 401, 403, 404, 405]
[662, 669, 676, 682, 689, 696]
[500, 510, 520, 530, 540, 550]
[669, 674, 680, 686, 692, 698]
[884, 889, 894, 899, 904, 909]
[225, 233, 241, 249, 257, 265]
[643, 653, 663, 673, 683, 693]
[456, 464, 471, 478, 486, 494]
[197, 202, 207, 212, 217, 222]
[157, 162, 166, 170, 174, 178]
[616, 625, 634, 643, 652, 661]
[786, 796, 805, 814, 823, 832]
[152, 158, 164, 170, 176, 182]
[18, 22, 26, 30, 34, 38]
[141, 145, 149, 154, 158, 162]
[467, 469, 471, 473, 475, 477]
[842, 850, 857, 865, 873, 881]
[572, 577, 582, 587, 592, 597]
[390, 396, 403, 410, 417, 424]
[704, 708, 712, 716, 720, 724]
[329, 338, 347, 356, 365, 374]
[495, 503, 510, 517, 524, 531]
[597, 602, 607, 613, 618, 623]
[346, 349, 352, 355, 358, 361]
[529, 538, 547, 557, 567, 577]
[250, 260, 270, 280, 290, 300]
[599, 600, 601, 602, 603, 604]
[610, 613, 616, 619, 622, 625]
[752, 758, 764, 770, 776, 782]
[782, 784, 786, 788, 790, 792]
[624, 628, 633, 637, 641, 645]
[248, 255, 262, 269, 276, 283]
[708, 713, 717, 721, 725, 729]
[638, 643, 647, 652, 657, 662]
[535, 538, 542, 546, 550, 554]
[737, 740, 743, 745, 748, 751]
[80, 85, 90, 95, 100, 105]
[406, 412, 418, 424, 430, 436]
[163, 169, 174, 180, 186, 192]
[264, 273, 282, 291, 300, 309]
[541, 542, 543, 544, 545, 546]
[813, 823, 833, 843, 853, 863]
[872, 881, 890, 899, 908, 917]
[868, 873, 878, 883, 888, 893]
[850, 857, 864, 871, 878, 885]
[297, 302, 307, 312, 317, 322]
[743, 752, 760, 769, 778, 787]
[887, 888, 890, 891, 892, 893]
[847, 856, 865, 874, 883, 892]
[269, 272, 275, 278, 281, 284]
[557, 564, 571, 578, 585, 592]
[125, 130, 135, 140, 145, 150]
[226, 235, 244, 253, 262, 271]
[460, 462, 463, 465, 467, 469]
[381, 383, 385, 386, 387, 388]
[547, 551, 555, 558, 562, 566]
[141, 148, 155, 163, 170, 177]
[646, 655, 664, 674, 683, 692]
[171, 172, 173, 174, 175, 176]
[474, 477, 480, 483, 486, 489]
[483, 488, 492, 497, 502, 507]
[644, 649, 654, 659, 664, 669]
[656, 665, 674, 683, 692, 701]
[10, 11, 12, 13, 14, 15]
[769, 778, 787, 796, 805, 814]
[736, 739, 742, 745, 748, 751]
[288, 294, 300, 306, 312, 318]
[289, 297, 304, 312, 320, 328]
[330, 333, 336, 338, 341, 344]
[17, 24, 33, 40, 47, 54]
[209, 213, 217, 222, 226, 230]
[225, 230, 235, 240, 245, 250]
[18, 28, 38, 48, 58, 68]
[417, 419, 422, 425, 428, 431]
[399, 400, 400, 401, 402, 403]
[30, 40, 50, 60, 70, 80]
[125, 134, 143, 152, 161, 170]
[499, 503, 508, 513, 518, 523]
[257, 264, 272, 280, 288, 296]
[631, 634, 636, 639, 641, 643]
[321, 327, 333, 339, 345, 351]
[734, 739, 743, 748, 753, 758]
[487, 493, 499, 505, 511, 517]
[24, 34, 44, 54, 64, 74]
[479, 482, 485, 488, 491, 494]
[491, 494, 497, 500, 503, 506]
[53, 62, 71, 80, 89, 98]
[847, 850, 853, 856, 859, 862]
[700, 705, 710, 715, 720, 725]
[422, 429, 436, 442, 449, 456]
[709, 716, 723, 730, 737, 744]
[347, 350, 353, 356, 359, 362]
[505, 506, 507, 509, 510, 511]
[191, 195, 200, 205, 210, 215]
[589, 592, 596, 600, 604, 608]
[434, 440, 446, 452, 458, 464]
[885, 891, 897, 904, 911, 918]
[134, 139, 143, 148, 153, 158]
[207, 214, 220, 226, 232, 238]
[439, 446, 453, 460, 467, 474]
[162, 165, 168, 171, 174, 177]
[257, 265, 273, 280, 288, 296]
[227, 228, 229, 230, 231, 232]
[112, 118, 123, 128, 133, 138]
[581, 587, 593, 599, 605, 611]
[256, 261, 265, 269, 273, 277]
[732, 735, 738, 741, 744, 747]
[543, 546, 549, 552, 555, 558]
[858, 860, 862, 864, 866, 868]
[35, 42, 49, 56, 63, 70]
[854, 856, 858, 860, 862, 864]
[88, 94, 100, 106, 112, 118]
[378, 386, 394, 402, 410, 418]
[833, 843, 853, 863, 873, 883]
[258, 263, 268, 273, 278, 283]
[271, 271, 272, 273, 274, 275]
[254, 260, 265, 270, 275, 280]
[632, 639, 646, 654, 661, 668]
[890, 895, 900, 905, 910, 915]
[62, 72, 82, 92, 102, 112]
[219, 228, 237, 246, 255, 264]
[619, 623, 627, 632, 636, 640]
[272, 275, 278, 281, 284, 287]
[544, 548, 552, 556, 560, 564]
[419, 428, 437, 446, 455, 464]
[238, 247, 256, 266, 275, 284]
[602, 603, 604, 605, 606, 607]
[234, 238, 242, 246, 250, 254]
[248, 255, 260, 267, 273, 279]
[480, 488, 496, 504, 512, 520]
[529, 536, 543, 550, 557, 564]
[772, 780, 788, 796, 804, 812]
[528, 529, 530, 531, 532, 533]
[860, 862, 864, 866, 868, 870]
[527, 530, 533, 536, 539, 542]
[538, 544, 550, 556, 562, 568]
[241, 243, 245, 247, 249, 251]
[828, 833, 838, 843, 848, 853]
[349, 353, 358, 363, 367, 371]
[5, 13, 21, 29, 37, 45]
[585, 592, 599, 606, 613, 620]
[848, 857, 866, 875, 884, 893]
[135, 143, 150, 158, 166, 174]
[180, 190, 200, 210, 220, 230]
[446, 447, 448, 449, 450, 451]
[86, 87, 88, 89, 90, 91]
[548, 552, 555, 559, 563, 567]
[654, 660, 666, 672, 678, 684]
[410, 418, 426, 434, 442, 450]
[132, 133, 135, 136, 137, 138]
[812, 818, 824, 830, 836, 842]
[65, 70, 74, 79, 84, 89]
[298, 308, 319, 329, 339, 349]
[66, 69, 73, 77, 81, 85]
[557, 563, 569, 575, 581, 587]
[86, 88, 90, 92, 94, 96]
[568, 574, 580, 586, 592, 598]
[452, 461, 470, 479, 488, 497]
[827, 828, 829, 830, 831, 832]
[106, 114, 122, 130, 138, 146]
[273, 276, 279, 282, 285, 288]
[451, 458, 465, 472, 479, 486]
[842, 850, 858, 865, 873, 881]
[566, 572, 578, 584, 590, 596]
[481, 490, 499, 508, 517, 526]
[897, 900, 903, 906, 909, 912]
[866, 870, 874, 878, 882, 886]
[673, 678, 683, 689, 694, 699]
[18, 27, 36, 45, 54, 63]
[150, 153, 156, 159, 162, 165]
[184, 194, 204, 214, 224, 234]
[842, 850, 858, 867, 875, 883]
[32, 35, 38, 42, 45, 48]
[887, 890, 894, 897, 900, 903]
[483, 484, 486, 488, 490, 492]
[611, 613, 615, 617, 619, 621]
[562, 571, 580, 589, 598, 607]
[100, 104, 108, 112, 116, 120]
[711, 720, 729, 738, 747, 756]
[140, 147, 154, 161, 168, 175]
[213, 214, 216, 217, 218, 219]
[612, 616, 620, 624, 628, 632]
[636, 640, 644, 648, 652, 656]
[152, 153, 154, 155, 156, 157]
[162, 168, 174, 180, 186, 192]
[114, 117, 121, 126, 130, 134]
[721, 721, 722, 723, 724, 725]
[754, 755, 756, 757, 758, 759]
[652, 656, 660, 664, 668, 672]
[92, 95, 98, 101, 104, 107]
[552, 559, 566, 573, 580, 587]
[647, 657, 667, 677, 687, 697]
[826, 835, 844, 853, 862, 871]
[848, 855, 862, 869, 876, 883]
[805, 806, 807, 807, 808, 809]
[679, 685, 690, 696, 702, 708]
[224, 232, 240, 248, 256, 264]
[116, 125, 134, 143, 152, 161]
[309, 314, 320, 325, 330, 335]
[318, 323, 328, 332, 337, 342]
[444, 453, 462, 470, 479, 488]
[287, 294, 301, 308, 315, 322]
[159, 163, 167, 171, 175, 179]
[65, 68, 71, 74, 77, 80]
[413, 414, 415, 416, 417, 418]
[112, 119, 126, 132, 139, 146]
[801, 809, 817, 825, 833, 841]
[182, 191, 200, 209, 218, 227]
[562, 567, 572, 577, 582, 587]
[296, 303, 310, 317, 324, 331]
[509, 518, 527, 536, 545, 554]
[670, 677, 684, 690, 697, 704]
[134, 140, 147, 154, 161, 168]
[872, 882, 892, 902, 912, 922]
[399, 406, 413, 420, 427, 434]
[189, 196, 204, 210, 217, 224]
[722, 723, 724, 725, 726, 727]
[421, 429, 437, 444, 452, 460]
[695, 703, 711, 719, 727, 735]
[219, 222, 225, 228, 231, 234]
[755, 765, 775, 785, 795, 805]
[266, 272, 278, 284, 290, 296]
[42, 52, 62, 72, 82, 92]
[556, 560, 563, 567, 571, 575]
[119, 119, 120, 121, 122, 123]
[161, 170, 179, 188, 197, 206]
[315, 320, 325, 330, 335, 340]
[222, 232, 241, 251, 261, 271]
[812, 821, 830, 839, 848, 857]
[813, 822, 831, 840, 849, 858]
[25, 28, 31, 34, 37, 40]
[875, 880, 885, 890, 895, 900]
[219, 229, 239, 249, 259, 269]
[360, 364, 368, 372, 376, 380]
[6, 11, 16, 21, 26, 31]
[714, 719, 724, 729, 734, 739]
[471, 476, 481, 486, 491, 496]
[515, 518, 521, 524, 527, 530]
[320, 327, 335, 342, 349, 356]
[429, 438, 447, 456, 465, 474]
[536, 545, 554, 563, 572, 581]
[871, 873, 876, 879, 882, 885]
[647, 648, 649, 651, 652, 653]
[84, 85, 86, 87, 88, 89]
[267, 277, 287, 297, 307, 317]
[198, 208, 217, 228, 238, 248]
[8, 16, 23, 30, 37, 44]
[218, 221, 223, 226, 229, 232]
[830, 834, 838, 842, 846, 850]
[49, 51, 53, 55, 57, 59]
[25, 26, 28, 30, 32, 34]
[260, 261, 262, 263, 264, 265]
[535, 538, 540, 542, 544, 546]
[96, 99, 102, 105, 108, 111]
[259, 263, 267, 270, 274, 278]
[564, 574, 585, 595, 605, 615]
[462, 470, 478, 486, 494, 502]
[16, 18, 20, 22, 24, 26]
[620, 628, 636, 644, 652, 660]
[15, 22, 30, 38, 46, 54]
[404, 411, 418, 425, 432, 439]
[296, 302, 309, 317, 324, 331]
[756, 765, 774, 783, 792, 801]
[19, 25, 30, 36, 42, 48]
[264, 266, 268, 270, 272, 274]
[293, 299, 304, 309, 314, 319]
[412, 421, 430, 439, 448, 457]
[626, 632, 638, 644, 650, 656]
[141, 151, 161, 171, 181, 191]
[560, 569, 577, 587, 596, 605]
[701, 710, 719, 729, 738, 747]
[811, 816, 821, 827, 832, 837]
[608, 613, 618, 623, 628, 633]
[697, 700, 703, 706, 709, 712]
[267, 273, 279, 286, 292, 298]
[158, 166, 174, 182, 190, 198]
[93, 99, 105, 111, 117, 123]
[634, 642, 650, 658, 666, 674]
[93, 103, 113, 123, 133, 143]
[228, 236, 244, 252, 260, 268]
[85, 95, 105, 115, 125, 135]
[328, 333, 338, 343, 348, 353]
[386, 387, 388, 389, 390, 391]
[167, 173, 179, 185, 191, 197]
[86, 89, 92, 96, 99, 102]
[217, 227, 237, 246, 256, 266]
[259, 267, 275, 283, 291, 299]
[335, 340, 345, 350, 355, 360]
[332, 340, 349, 358, 367, 376]
[600, 603, 606, 609, 612, 615]
[281, 288, 295, 304, 311, 318]
[690, 695, 700, 706, 711, 716]
[270, 277, 284, 291, 298, 305]
[302, 312, 323, 333, 343, 353]
[865, 870, 875, 880, 885, 890]
[873, 883, 894, 904, 914, 924]
[19, 24, 29, 34, 39, 44]
[507, 514, 521, 528, 535, 542]
[334, 337, 340, 342, 345, 348]
[371, 373, 375, 377, 379, 381]
[602, 611, 619, 627, 636, 645]
[604, 605, 607, 609, 611, 613]
[740, 742, 744, 746, 748, 750]
[680, 688, 696, 704, 712, 720]
[384, 394, 403, 412, 421, 430]
[31, 36, 40, 44, 48, 52]
[170, 172, 174, 176, 178, 180]
[164, 174, 185, 195, 205, 215]
[170, 177, 184, 191, 198, 205]
[828, 835, 840, 847, 854, 861]
[158, 163, 168, 174, 179, 184]
[270, 273, 276, 279, 282, 285]
[129, 138, 147, 156, 165, 174]
[437, 439, 441, 443, 445, 447]
[844, 851, 859, 868, 876, 884]
[852, 854, 856, 858, 860, 862]
[816, 820, 824, 828, 832, 836]
[628, 629, 630, 631, 632, 633]
[541, 546, 551, 556, 561, 566]
[899, 903, 907, 911, 915, 919]
[593, 598, 602, 607, 611, 615]
[710, 714, 718, 722, 726, 730]
[214, 225, 235, 245, 255, 265]
[424, 433, 442, 451, 460, 469]
[706, 708, 710, 712, 714, 716]
[438, 439, 440, 441, 442, 443]
[577, 587, 597, 607, 617, 627]
[581, 584, 588, 592, 596, 600]
[800, 808, 816, 824, 832, 840]
[227, 237, 247, 257, 267, 277]
[30, 35, 40, 45, 50, 55]
[284, 294, 304, 314, 324, 334]
[567, 568, 569, 570, 571, 572]
[87, 91, 95, 99, 103, 107]
[685, 691, 697, 703, 709, 715]
[458, 464, 470, 476, 482, 488]
[703, 712, 721, 730, 739, 748]
[21, 28, 35, 42, 49, 56]
[320, 321, 322, 324, 325, 326]
[495, 501, 507, 513, 519, 525]
[144, 145, 146, 147, 148, 149]
[624, 625, 626, 627, 628, 629]
[643, 653, 664, 674, 684, 694]
[770, 776, 782, 788, 794, 800]
[72, 81, 90, 99, 108, 117]
[671, 676, 681, 686, 691, 696]
[414, 421, 428, 435, 442, 449]
[19, 29, 39, 49, 59, 69]
[670, 678, 686, 694, 702, 710]
[243, 247, 251, 255, 259, 263]
[6, 10, 14, 18, 22, 26]
[95, 105, 115, 125, 135, 145]
[74, 82, 90, 98, 106, 114]
[68, 71, 74, 76, 79, 82]
[380, 386, 392, 398, 404, 410]
[407, 411, 415, 419, 423, 427]
[496, 506, 516, 526, 536, 546]
[233, 243, 253, 263, 273, 283]
[893, 897, 901, 905, 909, 913]
[398, 400, 402, 404, 406, 408]
[516, 525, 534, 543, 551, 559]
[461, 469, 477, 485, 493, 501]
[155, 163, 171, 179, 187, 195]
[525, 533, 541, 549, 557, 565]
[675, 681, 687, 693, 699, 705]
[670, 671, 672, 673, 674, 675]
[57, 60, 64, 68, 72, 76]
[574, 577, 580, 583, 586, 589]
[604, 612, 620, 628, 636, 644]
[846, 853, 861, 868, 875, 882]
[336, 342, 349, 356, 363, 370]
[615, 615, 616, 617, 618, 619]
[184, 192, 199, 208, 216, 224]
[339, 347, 355, 363, 371, 379]
[893, 902, 911, 920, 929, 938]
[63, 73, 83, 94, 104, 114]
[41, 45, 49, 53, 57, 61]
[832, 841, 850, 859, 868, 877]
[617, 624, 631, 638, 645, 652]
[669, 670, 671, 672, 673, 674]
[177, 180, 182, 184, 186, 188]
[133, 135, 137, 139, 141, 143]
[642, 649, 655, 662, 669, 676]
[426, 431, 435, 439, 443, 447]
[291, 301, 311, 321, 331, 341]
[54, 61, 69, 77, 85, 93]
[353, 355, 357, 359, 361, 363]
[752, 761, 771, 780, 789, 798]
[392, 398, 404, 410, 416, 422]
[117, 127, 137, 147, 157, 167]
[407, 413, 419, 425, 431, 437]
[183, 191, 199, 207, 215, 223]
[552, 554, 556, 558, 560, 562]
[610, 619, 628, 637, 646, 655]
[295, 305, 315, 326, 336, 346]
[393, 398, 403, 408, 413, 418]
[16, 25, 34, 43, 52, 61]
[420, 428, 436, 444, 452, 460]
[193, 196, 198, 201, 204, 207]
[155, 161, 166, 172, 178, 184]
[714, 722, 730, 738, 746, 754]
[717, 718, 719, 721, 722, 723]
[111, 117, 123, 129, 135, 141]
[280, 286, 292, 298, 304, 310]
[740, 744, 748, 752, 756, 760]
[562, 569, 576, 583, 590, 597]
[497, 498, 499, 500, 501, 502]
[564, 573, 581, 591, 600, 609]
[326, 335, 344, 353, 362, 371]
[284, 289, 294, 299, 304, 309]
[505, 506, 507, 508, 509, 510]
[771, 774, 777, 780, 783, 786]
[446, 456, 466, 476, 486, 496]
[611, 619, 627, 634, 642, 650]
[360, 370, 379, 388, 397, 406]
[558, 564, 570, 577, 583, 589]
[545, 555, 565, 575, 585, 595]
[252, 256, 259, 263, 267, 271]
[672, 678, 684, 690, 696, 702]
[657, 661, 665, 669, 673, 677]
[489, 498, 506, 514, 522, 530]
[371, 379, 387, 394, 402, 410]
[631, 632, 633, 634, 635, 636]
[616, 626, 636, 646, 656, 666]
[480, 482, 483, 484, 485, 486]
[432, 437, 442, 447, 452, 457]
[601, 610, 619, 628, 637, 646]
[224, 229, 234, 239, 244, 249]
[883, 889, 895, 901, 907, 913]
[77, 82, 87, 92, 97, 102]
[220, 230, 239, 248, 258, 268]
[294, 297, 300, 303, 306, 309]
[151, 155, 159, 163, 167, 171]
[603, 608, 613, 618, 623, 628]
[370, 378, 386, 394, 402, 410]
[228, 234, 240, 246, 252, 258]
[534, 537, 541, 544, 547, 550]
[319, 329, 340, 350, 360, 370]
[900, 906, 912, 918, 924, 930]
[794, 797, 800, 803, 806, 809]
[432, 440, 447, 454, 461, 468]
[123, 126, 129, 132, 135, 138]
[514, 518, 522, 526, 530, 534]
[4, 10, 16, 22, 28, 34]
[276, 280, 286, 291, 296, 301]
[481, 488, 495, 502, 509, 516]
[134, 137, 139, 142, 145, 148]
[277, 280, 283, 286, 289, 292]
[192, 193, 193, 195, 196, 197]
[790, 797, 804, 811, 818, 825]
[510, 513, 517, 520, 524, 528]
[195, 201, 207, 213, 219, 225]
[547, 551, 555, 559, 563, 567]
[184, 189, 194, 199, 204, 209]
[189, 198, 207, 216, 225, 234]
[528, 534, 540, 545, 551, 557]
[891, 896, 901, 906, 911, 916]
[858, 860, 863, 866, 869, 872]
[628, 631, 633, 636, 638, 640]
[346, 351, 358, 363, 368, 373]
[583, 586, 589, 592, 595, 598]
