[25, 75, 225, 675, 2025, 6075]
[6, 18, 54, 162, 486, 1458]
[1, 3, 9, 27, 81, 243]
[19, 57, 171, 513, 1539, 4617]
[103, 206, 412, 824, 1648, 3296]
[35, 70, 140, 280, 560, 1120]
[17, 51, 153, 459, 1377, 4131]
[15, 45, 134, 402, 1206, 3618]
[316, 632, 1264, 2527, 5054, 10108]
[11, 33, 99, 297, 891, 2673]
[15, 45, 134, 403, 1209, 3627]
[9, 27, 82, 246, 738, 2214]
[476, 952, 1903, 3806, 7612, 15224]
[4, 12, 36, 108, 324, 972]
[5, 11, 22, 44, 88, 176]
[654, 1308, 2616, 5232, 10464, 20928]
[827, 1654, 3310, 6620, 13240, 26480]
[227, 454, 909, 1818, 3636, 7272]
[540, 1080, 2160, 4320, 8640, 17280]
[970, 1940, 3880, 7760, 15520, 31040]
[2, 7, 21, 63, 189, 567]
[27, 81, 243, 729, 2187, 6561]
[694, 1388, 2775, 5550, 11100, 22200]
[11, 33, 99, 296, 888, 2664]
[13, 39, 118, 354, 1062, 3186]
[957, 1914, 3828, 7656, 15312, 30624]
[13, 39, 116, 347, 1041, 3123]
[812, 1624, 3248, 6497, 12994, 25988]
[577, 1154, 2308, 4616, 9232, 18464]
[15, 45, 135, 405, 1215, 3645]
[970, 1941, 3882, 7764, 15528, 31056]
[30, 90, 270, 810, 2430, 7290]
[482, 964, 1928, 3856, 7712, 15424]
[715, 1430, 2860, 5719, 11438, 22876]
[16, 48, 144, 432, 1296, 3888]
[458, 916, 1832, 3664, 7328, 14656]
[23, 69, 207, 621, 1863, 5589]
[15, 45, 135, 404, 1212, 3636]
[48, 96, 192, 384, 768, 1536]
[13, 39, 117, 351, 1053, 3159]
[461, 922, 1844, 3688, 7376, 14752]
[352, 704, 1408, 2816, 5632, 11264]
[653, 1306, 2612, 5224, 10448, 20896]
[24, 72, 216, 648, 1944, 5832]
[948, 1896, 3792, 7584, 15168, 30336]
[898, 1796, 3592, 7184, 14368, 28736]
[813, 1626, 3252, 6504, 13008, 26016]
[813, 1626, 3252, 6503, 13006, 26012]
[702, 1405, 2810, 5620, 11240, 22480]
[28, 84, 252, 756, 2268, 6804]
[512, 1025, 2049, 4098, 8196, 16392]
[29, 87, 261, 783, 2349, 7047]
[5, 15, 44, 132, 396, 1188]
[30, 90, 269, 807, 2421, 7263]
[534, 1068, 2136, 4271, 8542, 17084]
[661, 1322, 2644, 5288, 10576, 21152]
[180, 360, 720, 1440, 2880, 5760]
[21, 64, 192, 576, 1728, 5184]
[14, 42, 126, 378, 1134, 3402]
[44, 88, 176, 351, 702, 1404]
[1, 3, 8, 24, 72, 216]
[746, 1492, 2984, 5968, 11936, 23872]
[22, 66, 198, 595, 1785, 5355]
[12, 36, 108, 323, 969, 2907]
[26, 78, 234, 702, 2106, 6318]
[819, 1637, 3273, 6546, 13092, 26184]
[768, 1536, 3072, 6144, 12288, 24576]
[29, 88, 264, 792, 2376, 7128]
[12, 36, 108, 324, 972, 2916]
[185, 370, 740, 1480, 2960, 5920]
[8, 24, 72, 216, 648, 1944]
[6, 17, 51, 153, 459, 1377]
[21, 63, 189, 567, 1701, 5103]
[7, 21, 63, 189, 567, 1701]
[22, 66, 197, 590, 1770, 5310]
[132, 264, 528, 1056, 2112, 4224]
[5, 15, 45, 135, 405, 1215]
[588, 1176, 2352, 4704, 9408, 18816]
[10, 30, 90, 270, 810, 2430]
[91, 182, 364, 728, 1456, 2912]
[19, 57, 172, 516, 1548, 4644]
[296, 592, 1183, 2366, 4732, 9464]
[77, 154, 309, 618, 1236, 2472]
[782, 1564, 3128, 6257, 12514, 25028]
[347, 694, 1388, 2776, 5552, 11104]
[11, 32, 96, 289, 867, 2601]
[23, 69, 208, 624, 1872, 5616]
[844, 1688, 3376, 6752, 13504, 27008]
[940, 1881, 3761, 7523, 15046, 30092]
[601, 1202, 2404, 4808, 9616, 19232]
[213, 427, 854, 1708, 3416, 6832]
[3, 9, 27, 81, 243, 729]
[897, 1794, 3588, 7176, 14352, 28704]
[27, 81, 243, 730, 2190, 6570]
[60, 120, 241, 483, 966, 1932]
[936, 1872, 3744, 7488, 14976, 29952]
[3, 6, 12, 24, 48, 96]
[165, 330, 660, 1319, 2638, 5276]
[912, 1824, 3648, 7296, 14592, 29184]
[19, 57, 170, 510, 1530, 4590]
[22, 66, 198, 594, 1782, 5346]
[667, 1334, 2668, 5336, 10672, 21344]
[7, 14, 28, 56, 112, 224]
[430, 859, 1718, 3436, 6872, 13744]
[220, 440, 880, 1760, 3520, 7040]
[1, 4, 12, 36, 108, 324]
[8, 25, 75, 225, 675, 2025]
[366, 732, 1464, 2928, 5856, 11712]
[2, 6, 18, 54, 162, 486]
[256, 512, 1025, 2050, 4100, 8200]
[599, 1197, 2393, 4786, 9572, 19144]
[489, 978, 1956, 3913, 7826, 15652]
[42, 84, 168, 336, 672, 1344]
[29, 88, 264, 791, 2373, 7119]
[211, 422, 844, 1688, 3376, 6752]
[886, 1772, 3544, 7088, 14176, 28352]
[11, 34, 102, 306, 918, 2754]
[716, 1432, 2863, 5726, 11452, 22904]
[381, 762, 1524, 3048, 6096, 12192]
[30, 90, 271, 813, 2439, 7317]
[11, 33, 99, 298, 894, 2682]
[18, 54, 162, 486, 1458, 4374]
[9, 27, 81, 243, 729, 2187]
[700, 1400, 2800, 5600, 11200, 22400]
[941, 1881, 3762, 7524, 15048, 30096]
[569, 1138, 2275, 4550, 9100, 18200]
[506, 1012, 2024, 4048, 8096, 16192]
[621, 1242, 2484, 4968, 9936, 19872]
[22, 66, 198, 593, 1779, 5337]
[287, 573, 1146, 2292, 4584, 9168]
[576, 1152, 2304, 4608, 9216, 18432]
[600, 1200, 2400, 4800, 9600, 19200]
[230, 460, 920, 1840, 3680, 7360]
[801, 1602, 3204, 6408, 12816, 25632]
[363, 726, 1453, 2906, 5812, 11624]
[470, 940, 1880, 3760, 7520, 15040]
[274, 548, 1096, 2192, 4384, 8768]
[8, 16, 32, 64, 128, 256]
[270, 540, 1079, 2159, 4318, 8636]
[7, 21, 63, 190, 570, 1710]
[980, 1960, 3920, 7840, 15680, 31360]
[22, 67, 201, 603, 1809, 5427]
[412, 823, 1646, 3292, 6584, 13168]
[382, 764, 1528, 3056, 6112, 12224]
[538, 1077, 2154, 4308, 8616, 17232]
[20, 60, 180, 540, 1620, 4860]
[831, 1662, 3324, 6648, 13296, 26592]
[528, 1056, 2112, 4224, 8448, 16896]
[12, 36, 108, 325, 975, 2925]
[816, 1632, 3264, 6528, 13056, 26112]
[678, 1356, 2713, 5426, 10852, 21704]
[800, 1600, 3200, 6400, 12800, 25600]
[217, 434, 868, 1735, 3470, 6940]
[21, 63, 188, 564, 1692, 5076]
[657, 1314, 2628, 5256, 10512, 21024]
[5, 14, 42, 126, 378, 1134]
[310, 621, 1242, 2483, 4966, 9932]
[24, 72, 217, 651, 1953, 5859]
[882, 1764, 3528, 7056, 14112, 28224]
[8, 24, 71, 213, 639, 1917]
[549, 1098, 2197, 4394, 8788, 17576]
[205, 410, 820, 1640, 3280, 6560]
[316, 632, 1264, 2528, 5056, 10112]
[827, 1654, 3308, 6616, 13232, 26464]
[875, 1750, 3500, 7000, 14000, 28000]
[168, 336, 672, 1344, 2688, 5376]
[927, 1854, 3708, 7415, 14830, 29660]
[815, 1630, 3260, 6520, 13040, 26080]
[281, 562, 1124, 2248, 4496, 8992]
[670, 1339, 2678, 5356, 10712, 21424]
[899, 1798, 3596, 7192, 14384, 28768]
[11, 22, 44, 88, 176, 352]
[918, 1836, 3672, 7344, 14688, 29376]
[31, 92, 276, 829, 2487, 7461]
[420, 840, 1680, 3360, 6720, 13440]
[557, 1114, 2228, 4456, 8912, 17824]
[598, 1196, 2392, 4784, 9568, 19136]
[17, 51, 153, 458, 1374, 4122]
[128, 256, 512, 1024, 2048, 4096]
[159, 318, 636, 1273, 2546, 5092]
[551, 1102, 2204, 4408, 8816, 17632]
[858, 1716, 3432, 6864, 13728, 27456]
[889, 1778, 3556, 7112, 14224, 28448]
[993, 1986, 3972, 7944, 15888, 31776]
[988, 1976, 3952, 7904, 15808, 31616]
[25, 76, 228, 684, 2052, 6156]
[531, 1062, 2124, 4248, 8496, 16992]
[961, 1922, 3844, 7688, 15376, 30752]
[20, 59, 177, 531, 1593, 4779]
[22, 44, 88, 176, 352, 704]
[839, 1678, 3356, 6712, 13424, 26848]
[14, 41, 122, 366, 1098, 3294]
[522, 1044, 2088, 4176, 8352, 16704]
[581, 1162, 2324, 4648, 9296, 18592]
[234, 468, 936, 1872, 3744, 7488]
[378, 756, 1512, 3024, 6048, 12096]
[798, 1596, 3192, 6384, 12768, 25536]
[570, 1140, 2280, 4560, 9120, 18240]
[28, 84, 252, 755, 2265, 6795]
[21, 63, 190, 570, 1710, 5130]
[626, 1252, 2505, 5010, 10020, 20040]
[17, 52, 155, 465, 1395, 4185]
[22, 44, 88, 175, 350, 700]
[315, 630, 1260, 2520, 5040, 10080]
[9, 26, 78, 234, 702, 2106]
[669, 1338, 2676, 5351, 10702, 21404]
[19, 56, 168, 504, 1512, 4536]
[23, 68, 204, 612, 1836, 5508]
[734, 1468, 2936, 5872, 11744, 23488]
[11, 33, 100, 300, 900, 2700]
[811, 1621, 3242, 6484, 12968, 25936]
[28, 84, 253, 759, 2277, 6831]
[786, 1572, 3144, 6288, 12576, 25152]
[5, 10, 19, 38, 76, 152]
[468, 936, 1873, 3747, 7494, 14988]
[467, 934, 1867, 3735, 7470, 14940]
[931, 1862, 3724, 7448, 14896, 29792]
[16, 47, 141, 423, 1269, 3807]
[165, 331, 662, 1324, 2648, 5296]
[631, 1262, 2524, 5048, 10096, 20192]
[418, 836, 1672, 3344, 6688, 13376]
[24, 72, 215, 645, 1935, 5805]
[237, 474, 948, 1896, 3792, 7584]
[27, 81, 242, 726, 2178, 6534]
[754, 1508, 3016, 6032, 12064, 24128]
[39, 78, 156, 312, 624, 1248]
[804, 1608, 3216, 6432, 12864, 25728]
[364, 728, 1456, 2912, 5824, 11648]
[18, 53, 159, 477, 1431, 4293]
[28, 84, 251, 753, 2259, 6777]
[365, 729, 1458, 2916, 5832, 11664]
[26, 78, 233, 699, 2097, 6291]
[563, 1126, 2252, 4504, 9008, 18016]
[339, 678, 1356, 2712, 5424, 10848]
[21, 63, 189, 568, 1704, 5112]
[872, 1744, 3488, 6976, 13952, 27904]
[317, 634, 1268, 2536, 5072, 10144]
[868, 1736, 3472, 6944, 13888, 27776]
[2, 6, 18, 55, 165, 495]
[529, 1058, 2115, 4230, 8460, 16920]
[400, 800, 1600, 3201, 6402, 12804]
[3, 8, 24, 72, 216, 648]
[9, 29, 87, 261, 783, 2349]
[194, 388, 775, 1550, 3100, 6200]
[623, 1246, 2492, 4984, 9968, 19936]
[529, 1058, 2116, 4232, 8464, 16928]
[21, 62, 186, 558, 1674, 5022]
[549, 1097, 2194, 4387, 8774, 17548]
[33, 66, 132, 264, 528, 1056]
[669, 1338, 2676, 5352, 10704, 21408]
[475, 950, 1900, 3800, 7600, 15200]
[279, 558, 1117, 2234, 4468, 8936]
[725, 1450, 2900, 5800, 11600, 23200]
[309, 619, 1237, 2474, 4948, 9896]
[68, 136, 272, 544, 1088, 2176]
[855, 1710, 3420, 6840, 13680, 27360]
[140, 280, 560, 1120, 2240, 4480]
[28, 83, 249, 747, 2241, 6723]
[329, 658, 1316, 2632, 5264, 10528]
[8, 16, 31, 62, 124, 248]
[37, 74, 147, 294, 588, 1176]
[290, 581, 1162, 2324, 4648, 9296]
[967, 1934, 3869, 7738, 15476, 30952]
[788, 1576, 3152, 6305, 12610, 25220]
[181, 362, 724, 1449, 2898, 5796]
[20, 60, 181, 543, 1629, 4887]
[4, 12, 35, 105, 315, 945]
[523, 1046, 2092, 4184, 8368, 16736]
[134, 268, 536, 1072, 2144, 4288]
[32, 64, 128, 256, 512, 1024]
[732, 1465, 2930, 5860, 11720, 23440]
[5, 16, 48, 144, 432, 1296]
[407, 814, 1628, 3257, 6514, 13028]
[6, 18, 54, 163, 489, 1467]
[20, 60, 180, 539, 1617, 4851]
[283, 566, 1132, 2264, 4528, 9056]
[956, 1912, 3824, 7648, 15296, 30592]
[788, 1577, 3154, 6308, 12616, 25232]
[447, 894, 1788, 3576, 7152, 14304]
[835, 1669, 3338, 6676, 13352, 26704]
[596, 1192, 2384, 4768, 9536, 19072]
[132, 264, 529, 1058, 2116, 4232]
[174, 348, 695, 1390, 2780, 5560]
[257, 514, 1028, 2055, 4110, 8220]
[106, 212, 423, 846, 1692, 3384]
[865, 1730, 3460, 6920, 13840, 27680]
[550, 1100, 2200, 4400, 8800, 17600]
[505, 1011, 2022, 4044, 8088, 16176]
[958, 1916, 3832, 7663, 15326, 30652]
[888, 1776, 3552, 7104, 14208, 28416]
[518, 1035, 2070, 4140, 8280, 16560]
[495, 990, 1980, 3960, 7920, 15840]
[299, 598, 1196, 2392, 4784, 9568]
[24, 72, 215, 644, 1932, 5796]
[506, 1012, 2024, 4047, 8094, 16188]
[524, 1047, 2094, 4188, 8376, 16752]
[186, 372, 744, 1488, 2976, 5952]
[99, 198, 396, 792, 1584, 3168]
[883, 1766, 3532, 7063, 14126, 28252]
[26, 78, 234, 703, 2109, 6327]
[890, 1780, 3560, 7120, 14240, 28480]
[443, 885, 1770, 3540, 7080, 14160]
[933, 1866, 3732, 7464, 14928, 29856]
[10, 30, 90, 271, 813, 2439]
[926, 1853, 3706, 7413, 14826, 29652]
[2, 6, 17, 51, 153, 459]
[837, 1673, 3346, 6692, 13384, 26768]
[4, 12, 37, 111, 333, 999]
[965, 1930, 3860, 7720, 15440, 30880]
[181, 362, 724, 1447, 2894, 5788]
[516, 1032, 2064, 4128, 8256, 16512]
[607, 1214, 2428, 4856, 9712, 19424]
[23, 69, 207, 622, 1866, 5598]
[17, 51, 154, 462, 1386, 4158]
[184, 368, 736, 1472, 2944, 5888]
[10, 30, 89, 267, 801, 2403]
[283, 567, 1134, 2268, 4536, 9072]
[528, 1056, 2114, 4228, 8456, 16912]
[609, 1219, 2438, 4876, 9752, 19504]
[95, 190, 380, 759, 1518, 3036]
[756, 1512, 3024, 6049, 12098, 24196]
[165, 330, 660, 1320, 2640, 5280]
[441, 882, 1764, 3528, 7056, 14112]
[580, 1161, 2322, 4644, 9288, 18576]
[22, 65, 194, 582, 1746, 5238]
[630, 1260, 2520, 5040, 10080, 20160]
[67, 134, 269, 538, 1076, 2152]
[308, 616, 1232, 2463, 4926, 9852]
[114, 228, 456, 912, 1824, 3648]
[738, 1475, 2950, 5899, 11798, 23596]
[779, 1558, 3116, 6232, 12464, 24928]
[284, 568, 1136, 2272, 4544, 9088]
[97, 194, 388, 776, 1552, 3104]
[33, 67, 134, 268, 536, 1072]
[14, 42, 126, 377, 1131, 3393]
[15, 45, 136, 409, 1227, 3681]
[9, 27, 81, 244, 732, 2196]
[932, 1864, 3728, 7456, 14912, 29824]
[592, 1183, 2366, 4732, 9464, 18928]
[726, 1452, 2904, 5808, 11616, 23232]
[955, 1911, 3822, 7644, 15288, 30576]
[18, 54, 162, 487, 1461, 4383]
[560, 1120, 2239, 4478, 8956, 17912]
[415, 830, 1660, 3320, 6640, 13280]
[296, 592, 1184, 2367, 4734, 9468]
[1, 2, 6, 18, 54, 162]
[418, 836, 1672, 3343, 6686, 13372]
[586, 1172, 2344, 4688, 9376, 18752]
[177, 354, 708, 1416, 2832, 5664]
[8, 24, 72, 217, 651, 1953]
[486, 971, 1942, 3884, 7768, 15536]
[116, 232, 464, 928, 1856, 3712]
[614, 1228, 2456, 4912, 9824, 19648]
[622, 1244, 2488, 4976, 9952, 19904]
[820, 1640, 3279, 6558, 13116, 26232]
[27, 82, 246, 738, 2214, 6642]
[694, 1388, 2776, 5552, 11104, 22208]
[9, 28, 84, 252, 756, 2268]
[212, 424, 848, 1696, 3392, 6784]
[16, 48, 144, 431, 1293, 3879]
[504, 1007, 2014, 4028, 8056, 16112]
[18, 54, 162, 485, 1455, 4365]
[13, 39, 117, 350, 1050, 3150]
[7, 21, 63, 188, 564, 1692]
[814, 1628, 3256, 6512, 13024, 26048]
[181, 362, 723, 1447, 2894, 5788]
[1, 2, 4, 8, 16, 32]
[172, 344, 688, 1376, 2752, 5504]
[497, 994, 1988, 3976, 7952, 15904]
[731, 1462, 2924, 5848, 11696, 23392]
[263, 526, 1052, 2103, 4206, 8412]
[969, 1938, 3876, 7752, 15504, 31008]
[796, 1593, 3186, 6372, 12744, 25488]
[25, 76, 229, 687, 2061, 6183]
[25, 75, 226, 678, 2034, 6102]
[977, 1954, 3908, 7816, 15632, 31264]
[27, 81, 243, 728, 2184, 6552]
[49, 98, 195, 390, 780, 1560]
[837, 1674, 3348, 6696, 13392, 26784]
[16, 32, 64, 129, 258, 516]
[706, 1412, 2824, 5648, 11296, 22592]
[846, 1692, 3384, 6768, 13536, 27072]
[431, 862, 1724, 3448, 6896, 13792]
[120, 240, 480, 960, 1920, 3840]
[100, 200, 400, 800, 1600, 3200]
[619, 1238, 2476, 4952, 9904, 19808]
[185, 370, 741, 1482, 2964, 5928]
[255, 510, 1020, 2040, 4080, 8160]
[14, 41, 123, 369, 1107, 3321]
[849, 1698, 3396, 6792, 13584, 27168]
[444, 888, 1776, 3552, 7104, 14208]
[995, 1990, 3980, 7960, 15920, 31840]
[727, 1455, 2910, 5820, 11640, 23280]
[15, 44, 132, 396, 1188, 3564]
[262, 524, 1048, 2096, 4192, 8384]
[18, 54, 161, 483, 1449, 4347]
[296, 591, 1182, 2364, 4728, 9456]
[508, 1016, 2032, 4063, 8126, 16252]
[30, 90, 270, 811, 2433, 7299]
[5, 15, 45, 134, 402, 1206]
[243, 486, 972, 1944, 3888, 7776]
[343, 686, 1372, 2744, 5488, 10976]
[7, 14, 28, 55, 110, 220]
[76, 151, 302, 604, 1208, 2416]
[10, 30, 90, 269, 807, 2421]
[637, 1274, 2549, 5099, 10198, 20396]
[6, 18, 54, 161, 483, 1449]
[75, 150, 300, 600, 1200, 2400]
[12, 36, 107, 321, 963, 2889]
[341, 681, 1362, 2725, 5450, 10900]
[321, 642, 1284, 2568, 5136, 10272]
[985, 1971, 3942, 7884, 15768, 31536]
[24, 73, 219, 657, 1971, 5913]
[832, 1664, 3328, 6655, 13310, 26620]
[261, 522, 1043, 2086, 4172, 8344]
[66, 132, 264, 528, 1056, 2112]
[17, 52, 156, 467, 1401, 4203]
[36, 72, 144, 289, 578, 1156]
[467, 934, 1868, 3736, 7472, 14944]
[3, 9, 27, 82, 246, 738]
[609, 1218, 2436, 4872, 9744, 19488]
[375, 751, 1502, 3004, 6008, 12016]
[111, 223, 446, 892, 1784, 3568]
[16, 48, 143, 429, 1287, 3861]
[192, 384, 768, 1537, 3074, 6148]
[236, 472, 944, 1888, 3776, 7552]
[876, 1752, 3504, 7008, 14016, 28032]
[88, 176, 352, 704, 1408, 2816]
[898, 1796, 3593, 7186, 14372, 28744]
[642, 1285, 2570, 5140, 10280, 20560]
[139, 279, 557, 1114, 2228, 4456]
[82, 164, 329, 659, 1318, 2636]
[578, 1156, 2312, 4624, 9248, 18496]
[130, 260, 520, 1040, 2080, 4160]
[113, 226, 452, 904, 1808, 3616]
[572, 1145, 2290, 4580, 9160, 18320]
[112, 225, 450, 900, 1800, 3600]
[647, 1294, 2588, 5176, 10352, 20704]
[372, 744, 1489, 2978, 5956, 11912]
[303, 606, 1212, 2424, 4848, 9696]
[774, 1548, 3096, 6192, 12384, 24768]
[108, 217, 434, 868, 1736, 3472]
[28, 83, 249, 748, 2244, 6732]
[668, 1336, 2672, 5343, 10686, 21372]
[72, 144, 288, 576, 1152, 2304]
[426, 852, 1704, 3408, 6816, 13632]
[4, 8, 15, 30, 60, 120]
[14, 42, 127, 381, 1143, 3429]
[980, 1961, 3922, 7844, 15688, 31376]
[906, 1812, 3624, 7248, 14496, 28992]
[13, 38, 114, 342, 1026, 3078]
[663, 1325, 2651, 5301, 10602, 21204]
[745, 1489, 2978, 5956, 11912, 23824]
[505, 1010, 2020, 4040, 8080, 16160]
[446, 892, 1784, 3568, 7136, 14272]
[435, 870, 1740, 3480, 6960, 13920]
[833, 1666, 3333, 6665, 13330, 26660]
[433, 866, 1732, 3464, 6928, 13856]
[661, 1322, 2645, 5290, 10580, 21160]
[421, 842, 1684, 3368, 6736, 13472]
[927, 1853, 3706, 7412, 14824, 29648]
[15, 30, 59, 118, 236, 472]
[28, 85, 255, 765, 2295, 6885]
[27, 81, 242, 727, 2181, 6543]
[696, 1392, 2784, 5568, 11136, 22272]
[163, 326, 652, 1304, 2608, 5216]
[944, 1888, 3775, 7550, 15100, 30200]
[341, 682, 1364, 2728, 5456, 10912]
[863, 1727, 3454, 6908, 13816, 27632]
[167, 334, 668, 1336, 2672, 5344]
[750, 1501, 3002, 6005, 12010, 24020]
[794, 1588, 3176, 6354, 12708, 25416]
[24, 48, 96, 192, 384, 768]
[521, 1042, 2084, 4168, 8336, 16672]
[494, 988, 1976, 3952, 7904, 15808]
[974, 1948, 3896, 7792, 15584, 31168]
[252, 504, 1008, 2016, 4032, 8064]
[22, 65, 195, 585, 1755, 5265]
[301, 602, 1204, 2408, 4816, 9632]
[695, 1390, 2780, 5560, 11120, 22240]
[29, 87, 261, 784, 2352, 7056]
[2, 4, 8, 16, 32, 64]
[34, 68, 136, 272, 544, 1088]
[299, 598, 1197, 2394, 4788, 9576]
[18, 53, 160, 480, 1440, 4320]
[59, 117, 234, 468, 936, 1872]
[472, 944, 1888, 3776, 7552, 15104]
[492, 983, 1966, 3932, 7864, 15728]
[31, 93, 279, 837, 2511, 7533]
[15, 46, 139, 417, 1251, 3753]
[2, 3, 6, 12, 24, 48]
[782, 1564, 3128, 6256, 12512, 25024]
[867, 1735, 3470, 6940, 13880, 27760]
[733, 1466, 2932, 5864, 11728, 23456]
[342, 684, 1368, 2736, 5472, 10944]
[506, 1011, 2022, 4044, 8088, 16176]
[4, 11, 33, 99, 297, 891]
[28, 84, 252, 757, 2271, 6813]
[803, 1606, 3213, 6426, 12852, 25704]
[9, 20, 40, 80, 160, 320]
